# [1] m:            [M_sun/h] 
# [2] sigma 
# [3] ln(1/sigma) 
# [4] n_eff 
# [5] f(sigma) 
# [6] dn/dm:        [h^4/(Mpc^3*M_sun)] 
# [7] dn/dlnm:      [h^3/Mpc^3] 
# [8] dn/dlog10m:   [h^3/Mpc^3] 
# [9] n(>m):        [h^3/Mpc^3] 
# [11] rho(>m):     [M_sun*h^2/Mpc^3] 
# [11] rho(<m):     [M_sun*h^2/Mpc^3] 
# [12] Lbox(N=1):   [Mpc/h]
1.000000000000000000e+08 6.798616336351243072e-01 3.858659814651846376e-01 -2.515308955417428827e+00 1.001850513941630050e-01 6.098346381618171393e-08 6.098346381618171108e+00 1.404196147022818053e+01 4.705048326979702544e+00 1.429348449928344250e+09 7.392276155007165527e+10 5.967768537367382775e-01
1.122018454301965237e+08 6.735479943903480704e-01 3.951960245120281767e-01 -2.512209409961047690e+00 9.685478110990754230e-02 4.713013128762751183e-08 5.288087705839251029e+00 1.217627192191054242e+01 4.049592492176237180e+00 1.360088541750317812e+09 7.399202145824967957e+10 6.273783954005118790e-01
1.258925411794171333e+08 6.672532198312917107e-01 4.045856651845428087e-01 -2.509084975125782435e+00 9.354282893941698318e-02 3.638823506353770174e-08 4.581007381182730320e+00 1.054815930680704739e+01 3.481481711458299877e+00 1.292735172750380516e+09 7.405937482724961853e+10 6.597994673744929095e-01
1.412537544622761309e+08 6.609774600969974268e-01 4.140355394138293676e-01 -2.505939683933880779e+00 9.025209246155740939e-02 2.806605804199712432e-08 3.964436071388252270e+00 9.128451400106468938e+00 2.989566443785464323e+00 1.227301107435612917e+09 7.412480889256439209e+10 6.941669457257512166e-01
1.584893192461123765e+08 6.547208806786729562e-01 4.235462705372281533e-01 -2.502757449549420254e+00 8.698551945232403659e-02 2.162516422010264235e-08 3.427357555829454672e+00 7.891782416413410495e+00 2.564060598372469357e+00 1.163796326047931671e+09 7.418831367395207214e+10 7.306183433492118295e-01
1.778279410038937330e+08 6.484837002216270463e-01 4.331184101265181940e-01 -2.499532053912321139e+00 8.374612059204589176e-02 1.664505109811923868e-08 2.959955164683144790e+00 6.815548638130145775e+00 2.196377322008881805e+00 1.102227370949272633e+09 7.424988262905072021e+10 7.693034552560944483e-01
1.995262314968899190e+08 6.422661087695303861e-01 4.427525615324079400e-01 -2.496277116387023653e+00 8.053691918442831832e-02 1.279766862658080553e-08 2.553470593007646894e+00 5.879583322858073835e+00 1.878999022984177536e+00 1.042599218841462612e+09 7.430951078115853882e+10 8.103845424907399897e-01
2.238721138568365276e+08 6.360682526492047462e-01 4.524494059137387225e-01 -2.492999655137310366e+00 7.736093583664641060e-02 9.828203426035184579e-09 2.200260676401499804e+00 5.066287434183089466e+00 1.605352254058149519e+00 9.849159293294945955e+08 7.436719407067050171e+10 8.540367370650306933e-01
2.511886431509613097e+08 6.298902728307543830e-01 4.622096448758474252e-01 -2.489688727749427066e+00 7.422120020803413265e-02 7.538888184215476150e-09 1.893683093859899857e+00 4.360366462776649854e+00 1.369685906634157124e+00 9.291790540114268064e+08 7.442293094598857117e+10 9.004501421283374052e-01
2.818382931264495254e+08 6.237323726754075981e-01 4.720338925555642162e-01 -2.486328700834914418e+00 7.112077606783234751e-02 5.775983649230066561e-09 1.627893372825283125e+00 3.748363013251295506e+00 1.166967669733459223e+00 8.753863847839549780e+08 7.447672361521604919e+10 9.498325721836183844e-01
3.162277660168430805e+08 6.175947547592763875e-01 4.819227732492220584e-01 -2.482932715939502710e+00 6.806271870470063934e-02 4.419778653348200262e-09 1.397656729837232437e+00 3.218223551246017777e+00 9.928030056210270793e-01 8.235332878382956982e+08 7.452857671216169739e+10 1.002410573330439147e+00
3.548133892335818410e+08 6.114775686793300080e-01 4.918770069818078627e-01 -2.479510783545991526e+00 6.505003893266243786e-02 3.377563047096002349e-09 1.198404592090236642e+00 2.759428549122589391e+00 8.433617031118125773e-01 7.736139418379106522e+08 7.457849605816209412e+10 1.058429757329067300e+00
3.981071705535050631e+08 6.053809414289728075e-01 5.018973638464918618e-01 -2.476059821077036371e+00 6.208570846543208510e-02 2.577611809459653521e-09 1.026165744249283085e+00 2.362833945649539746e+00 7.153051407425098374e-01 7.256203585266007185e+08 7.462648964147340393e+10 1.118157251370745620e+00
4.466835921509726048e+08 5.993050544814161329e-01 5.119845375782318131e-01 -2.472557076113361951e+00 5.917268611661447714e-02 1.964449740501248139e-09 8.774874666871435025e-01 2.020489560082926239e+00 6.057220530991986873e-01 6.795408417468086481e+08 7.467256915825318909e+10 1.181885863486064281e+00
5.011872336272837520e+08 5.932501227679961575e-01 5.221391767248676485e-01 -2.469009371829997690e+00 5.631389424276315309e-02 1.495018560353315174e-09 7.492842164849223829e-01 1.725290667293905900e+00 5.120775474147782891e-01 6.353605119631742239e+08 7.471674948803681946e+10 1.249936898123787277e+00
5.623413251903629303e+08 5.872163062488958696e-01 5.323620325699580658e-01 -2.465431527157073255e+00 5.351216431185078920e-02 1.136056748389634963e-09 6.388516573808820098e-01 1.471010302919758539e+00 4.321700231594369779e-01 5.930629234667599201e+08 7.475904707653323364e+10 1.322660711935689903e+00
6.309573444802097082e+08 5.812037284396005532e-01 5.426539322350086847e-01 -2.461827884070392436e+00 5.077023467835450193e-02 8.619350283996879050e-10 5.438442366335412004e-01 1.252247632183118409e+00 3.640885747818653484e-01 5.526298053730984926e+08 7.479948019462690735e+10 1.400439386028581978e+00
7.079457843841576576e+08 5.752125453515626319e-01 5.530156623966578922e-01 -2.458173732832924507e+00 4.809076974494069789e-02 6.529289894728290968e-10 4.622383255994974016e-01 1.064343077935930859e+00 3.061738070288893554e-01 5.140395044781714082e+08 7.483807049552183533e+10 1.483692797904555549e+00
7.943282347243049145e+08 5.692429775608457421e-01 5.634479104150470485e-01 -2.454464584827185991e+00 4.547635921025211525e-02 4.938019552136172358e-10 3.922408353882428367e-01 9.031679004284993706e-01 2.569860325697788106e-01 4.772667804989158511e+08 7.487484321950108337e+10 1.572884478567237565e+00
8.912509381337732077e+08 5.632952031677502802e-01 5.739514487084416139e-01 -2.450720040111832976e+00 4.292945610750991542e-02 3.728149403208182895e-10 3.322716653112159912e-01 7.650837833699127843e-01 2.152797404748187093e-01 4.422844454067560434e+08 7.490982555459324646e+10 1.668523314925520751e+00
1.000000000000032663e+09 5.573693507736560138e-01 5.845271514997985030e-01 -2.446949531305795844e+00 4.045236228829378333e-02 2.809653864767201352e-10 2.809653864767293063e-01 6.469467105486278458e-01 1.799789781268553435e-01 4.090637366510556936e+08 7.494304626334893799e+10 1.771166568431168598e+00
1.122018454302001953e+09 5.514655536778192424e-01 5.951759015723019353e-01 -2.443133820886781216e+00 3.804723926255128286e-02 2.113577412779427822e-10 2.371472861734398030e-01 5.460518059869554630e-01 1.501540152134658856e-01 3.775730638042820692e+08 7.497453693619572449e+10 1.881428347828505210e+00
1.258925411794212580e+09 5.455840265838762804e-01 6.058984496705414058e-01 -2.439254337778561599e+00 3.571612459513012067e-02 1.586990838015002210e-10 1.997903094261679058e-01 4.600341882093620383e-01 1.250018653585580619e-01 3.477773404754524827e+08 7.500433265952455139e+10 1.999990051519996648e+00
1.412537544622807503e+09 5.397249713614905575e-01 6.166955814609142994e-01 -2.435332209226879652e+00 3.346087834473921580e-02 1.189253724733617704e-10 1.679865536268752568e-01 3.868033342046878209e-01 1.038309272982069209e-01 3.196392664309452772e+08 7.503247073356906128e+10 2.127605425472755218e+00
1.584893192461175680e+09 5.338885274561641081e-01 6.275682118953629374e-01 -2.431380393011853602e+00 3.128315257537556127e-02 8.893577853131175368e-11 1.409537099605107646e-01 3.245579113572784613e-01 8.604689615915783740e-02 2.931201700254710317e+08 7.505898982997453308e+10 2.265104607946176518e+00
1.778279410038995504e+09 5.280748148510603368e-01 6.385173105199598576e-01 -2.427390748408852605e+00 2.918439794839640736e-02 6.636716505310830179e-11 1.180193631166020773e-01 2.717496261969392646e-01 7.113920772030245254e-02 2.681792602949366570e+08 7.508393073970506287e+10 2.413405650951044645e+00
1.995262314968964577e+09 5.222840301704670951e-01 6.495437199781080029e-01 -2.423332789424653466e+00 2.716588619618673719e-02 4.941892596564290730e-11 9.860372062548854177e-02 2.270434572259994455e-01 5.866938063472904030e-02 2.447728098195588589e+08 7.510733719018043518e+10 2.573531562052906452e+00
2.238721138568438530e+09 5.165163984246701201e-01 6.606482417983241540e-01 -2.419221118261965398e+00 2.522867849374042098e-02 3.671550330157160671e-11 8.219577335440765575e-02 1.892627624329762670e-01 4.826172514325469121e-02 2.228548647929123342e+08 7.512925513520709229e+10 2.746623001247475493e+00
2.511886431509695053e+09 5.107720754863421808e-01 6.718318245124313970e-01 -2.415074525154821572e+00 2.337358268098130992e-02 2.721259696445574744e-11 6.835495308115831226e-02 1.573930959969825627e-01 3.959532868250575932e-02 2.023783615616453290e+08 7.514973163843835449e+10 2.933945321586181709e+00
2.818382931264587402e+09 5.050511801102733900e-01 6.830955080889957731e-01 -2.410896422799465810e+00 2.160115854472288016e-02 2.011930025071227910e-11 5.670389241559482124e-02 1.305655373908867767e-01 3.239636284780905706e-02 1.832949299555957317e+08 7.516881507004440308e+10 3.136904147965078327e+00
3.162277660168534756e+09 4.993538828750191394e-01 6.944402504645705854e-01 -2.406650924442658823e+00 1.991173848653511949e-02 1.483759857796880745e-11 4.692060651365918128e-02 1.080386891125909576e-01 2.643125718522213591e-02 1.655541295803832114e+08 7.518655587041961670e+10 3.357072546565562199e+00
3.548133892335934639e+09 4.936804233718449786e-01 7.058668873861473347e-01 -2.402338354864660630e+00 1.830542264913821715e-02 1.091388351172537115e-11 3.872391998495912369e-02 8.916512089966109611e-02 2.150116193491585434e-02 1.491036765680593252e+08 7.520300632343194580e+10 3.596218106406904536e+00
3.981071705535181046e+09 4.880309808162377472e-01 7.173763898649192505e-01 -2.397984547927129118e+00 1.678203560903129485e-02 8.005647144446667515e-12 3.187105533125514367e-02 7.338581690373650879e-02 1.743738848983093087e-02 1.338905768995251656e+08 7.521821942310047913e+10 3.856318112587283853e+00
4.466835921509872437e+09 4.824056827229548094e-01 7.289698535329186546e-01 -2.393600871580847667e+00 1.534112970101593997e-02 5.855447313134664543e-12 2.615532239481838453e-02 6.022485544876213931e-02 1.409712168101847837e-02 1.198613582257921994e+08 7.523224864177420044e+10 4.139582260608695385e+00
5.011872336273001671e+09 4.768046735677923809e-01 7.406483613331625859e-01 -2.389156679068101585e+00 1.398200368115712702e-02 4.270152735484391776e-12 2.140146036663470586e-02 4.927868360851596352e-02 1.135953320458653673e-02 1.069615327549987286e+08 7.524514846724499512e+10 4.448495663561151225e+00
5.623413251903812408e+09 4.712281928986459811e-01 7.524128163067740349e-01 -2.384632628413603683e+00 1.270371990338295745e-02 3.104627801858077283e-12 1.745860512319771449e-02 4.019992390114453251e-02 9.122568016845033351e-03 9.513555135658147931e+07 7.525697444864341736e+10 4.785870724355001826e+00
6.309573444802304268e+09 4.656764492670592559e-01 7.642642008822493338e-01 -2.380059258682493351e+00 1.150507463116265915e-02 2.250006568616645662e-12 1.419658169597434044e-02 3.268883738462264460e-02 7.300348984700862423e-03 8.432771622921410203e+07 7.526778228377078247e+10 5.154882765361326058e+00
7.079457843841807365e+09 4.601495846059957540e-01 7.762036584337521639e-01 -2.375451802947419644e+00 1.038459838292257048e-02 1.625173872344155946e-12 1.150534991817359944e-02 2.649204721126679693e-02 5.820826869803633064e-03 7.448266743589650095e+07 7.527762733256410217e+10 5.559107930083213134e+00
7.943282347243309021e+09 4.546477265345940655e-01 7.882323872965015799e-01 -2.370794442351292552e+00 9.340577333814822220e-03 1.169796824122586248e-12 9.292026462914224419e-03 2.139568161721248571e-02 4.623633649091656549e-03 6.554513564773473889e+07 7.528656486435226440e+10 6.002592502336201008e+00
8.912509381338024139e+09 4.491710983732553064e-01 8.003513984075931731e-01 -2.366049396966927176e+00 8.371082643671146073e-03 8.390371999040456621e-13 7.477926915436394414e-03 1.721856304198278800e-02 3.658277532611779043e-03 5.745982202918292582e+07 7.529465017797080994e+10 6.489946500342418823e+00
1.000000000000065422e+10 4.437199387659431227e-01 8.125616841132581314e-01 -2.361242218390431802e+00 7.473963664970763483e-03 5.995582089888836599e-13 5.995582089889229041e-03 1.380533794400102578e-02 2.882680007962186777e-03 5.017197242706167698e+07 7.530193802757293701e+10 7.026426719934048215e+00
1.122018454302038765e+10 4.382944076828700353e-01 8.248644307469851222e-01 -2.356394020342342799e+00 6.646847594215899574e-03 4.267563174245519050e-13 4.788284636403259374e-03 1.102543282479456072e-02 2.261910738742299760e-03 4.362795316703948379e+07 7.530848204683296204e+10 7.618009545633938728e+00
1.258925411794253731e+10 4.328946300069356767e-01 8.372609293075243819e-01 -2.351505963623454765e+00 5.887166480723613794e-03 3.025216575865455033e-13 3.808522023538220367e-03 8.769446037738624911e-03 1.767038767178972115e-03 3.777524877695087343e+07 7.531433475122305298e+10 8.271506984302517296e+00
1.412537544622853661e+10 4.275208011030220967e-01 8.497523342381334555e-01 -2.346529688066294916e+00 5.192190571842543109e-03 2.135603645302310635e-13 3.016620329422941421e-03 6.946025001752053132e-03 1.374151991191706942e-03 3.256234888566804677e+07 7.531954765111433411e+10 8.994735759545250176e+00
1.584893192461227608e+10 4.221731813093117514e-01 8.623396668803358089e-01 -2.341474016061718011e+00 4.559043941647964934e-03 1.501035147219191761e-13 2.378980386472733747e-03 5.477804774417330790e-03 1.063556246787473710e-03 2.793903473630070686e+07 7.532417096526370239e+10 9.796700827894751384e+00
1.778279410039053726e+10 4.168519548891381210e-01 8.750241444660347145e-01 -2.336369787180633928e+00 3.984708663097488376e-03 1.050187612481006604e-13 1.867527007953046761e-03 4.300139849276458752e-03 8.191076311951300338e-04 2.385688832358512282e+07 7.532825311167642212e+10 1.068775138056746066e+01
1.995262314969029617e+10 4.115572560347571796e-01 8.878071287269091449e-01 -2.331230172041784954e+00 3.466054699819843665e-03 7.312337889682849123e-14 1.459003222560435091e-03 3.359479070897931907e-03 6.276171581907710479e-04 2.026941528799849376e+07 7.533184058471200562e+10 1.167979079713202140e+01
2.238721138568511581e+10 4.062892493599270516e-01 9.006899361959521677e-01 -2.326009928735535581e+00 2.999873530805105722e-03 5.066413268573649815e-14 1.134228648107981491e-03 2.611657977180227661e-03 4.783387319888177309e-04 1.713196131091994047e+07 7.533497803868908691e+10 1.278659228289278360e+01
2.511886431509777451e+10 4.010482009055658104e-01 9.136736571397048312e-01 -2.320692310577204598e+00 2.582907312460211522e-03 3.492364137870960202e-14 8.772422091809406637e-04 2.019924833805198695e-03 3.625491617141825599e-04 1.440181238518760912e+07 7.533770818761480713e+10 1.402418713510280313e+01
2.818382931264679718e+10 3.958343262101013948e-01 9.267595234243402036e-01 -2.315317312196553790e+00 2.211860344121586216e-03 2.394369747966421367e-14 6.748250828805074609e-04 1.553842176219127989e-03 2.732049864635747614e-04 1.203852637267760001e+07 7.534007147362731934e+10 1.541122375861639249e+01
3.162277660168637848e+10 3.906477749394125509e-01 9.399489563461781438e-01 -2.309902960356780888e+00 1.883426530181177717e-03 1.632311406776245556e-14 5.161821896086963776e-04 1.188553415062010331e-03 2.046450966815466016e-04 1.000406182775188610e+07 7.534210593817224121e+10 1.696938952715279569e+01
3.548133892336050415e+10 3.854886892396607867e-01 9.532434269029399498e-01 -2.304421799754750033e+00 1.594320681798922423e-03 1.106281907660905412e-14 3.925236331049839476e-04 9.038190662354002357e-04 1.523357846491115515e-04 8.262710084297623485e+06 7.534384728991569519e+10 1.872403116778225751e+01
3.981071705535311127e+10 3.803573216934388324e-01 9.666441478399473430e-01 -2.298830311591643305e+00 1.341309089099352193e-03 7.452400190369403970e-15 2.966853953620560104e-04 6.831433686697149701e-04 1.126617237764838394e-04 6.781081634976522997e+06 7.534532891836502075e+10 2.070496668516780048e+01
4.466835921510018158e+10 3.752539224168829346e-01 9.801523557133814402e-01 -2.293167586774806033e+00 1.121225497952130267e-03 4.988311777868710502e-15 2.228197023707545975e-04 5.130613251042695543e-04 8.275660643213434559e-05 5.528230761789438315e+06 7.534658176923820496e+10 2.294734484882547321e+01
5.011872336273165894e+10 3.701786587347009050e-01 9.937695284388033956e-01 -2.287456520659257198e+00 9.309912962733909569e-04 3.316661568288224149e-15 1.662268436288412410e-04 3.827514521952221529e-04 6.036128699964715184e-05 4.475715218829718418e+06 7.534763428478117371e+10 2.549258266773527382e+01
5.623413251903997040e+10 3.651316655629578967e-01 1.007497262876445587e+00 -2.281693329055042518e+00 7.676400914843790890e-04 2.189836628611572776e-15 1.231435631683908919e-04 2.835485328497075030e-04 4.370378737352398362e-05 3.597512220802073367e+06 7.534851248777920532e+10 2.838966765514036084e+01
6.309573444802510834e+10 3.601131664775685803e-01 1.021336945603428248e+00 -2.275816282555902070e+00 6.283399666586426740e-04 1.435448474388774757e-15 9.057067575385690562e-05 2.085466878532281712e-04 3.140140685595064259e-05 2.869924415585769340e+06 7.534924007558441162e+10 3.169691277189353329e+01
7.079457843842039490e+10 3.551234391677027258e-01 1.035289833980547636e+00 -2.269846482924962938e+00 5.104068420304025758e-04 9.338450831411414514e-16 6.611116898776875622e-05 1.522265921916465933e-04 2.238207485482881075e-05 2.271543819132586475e+06 7.534983845618086243e+10 3.548405295610206878e+01
7.943282347243568420e+10 3.501626736165016629e-01 1.049357450714831108e+00 -2.263819168787720937e+00 4.113145025713385756e-04 6.027020867389602770e-16 4.787432846240445415e-05 1.102347150546330605e-04 1.582054217367184786e-05 1.783217017062741565e+06 7.535032678298294067e+10 3.983451609143835270e+01
8.912509381338316345e+10 3.452310116802539963e-01 1.063541486959012516e+00 -2.257748934562121335e+00 3.287073987434882831e-04 3.857487049505606998e-16 3.437988951710978149e-05 7.916262110087924969e-05 1.108560876978405874e-05 1.387926249722791137e+06 7.535072207375027466e+10 4.484838591568057353e+01
1.000000000000098114e+11 3.403286415000232878e-01 1.077843535574663836e+00 -2.251571783921739289e+00 2.604099518303483918e-04 2.447664544484289765e-16 2.447664544484530043e-05 5.635955892780140805e-05 7.697554269067056023e-06 1.070642951600045897e+06 7.535103935704840088e+10 5.064645825153588987e+01
1.122018454302075348e+11 3.354558523153665650e-01 1.092264918962457809e+00 -2.245277647506613405e+00 2.044308688645404208e-04 1.539139041583494669e-16 1.726942408393490372e-05 3.976431846026086858e-05 5.294457334365508594e-06 8.182033064426362980e+05 7.535129179669355774e+10 5.737546025354925661e+01
1.258925411794294891e+11 3.306128646993244935e-01 1.106807181166212128e+00 -2.238916054641925779e+00 1.589621882288332229e-04 9.586731429256544862e-17 1.206897981233810508e-05 2.778985300353579787e-05 3.605603047770599217e-06 6.191991782642956823e+05 7.535149080082173157e+10 6.521397849796872492e+01
1.412537544622899780e+11 3.257998352137934095e-01 1.121472088603781891e+00 -2.232509641017603297e+00 1.223787593054134390e-04 5.911846404220394520e-17 8.350705004005195157e-06 1.922820885821314708e-05 2.430151501226880506e-06 4.638343806036565220e+05 7.535164616561940002e+10 7.437989316264271622e+01
1.584893192461279297e+11 3.210169221115985461e-01 1.136261440383043553e+00 -2.226013176835662133e+00 9.323499575249418099e-05 3.607918261565487717e-17 5.718165091711874703e-06 1.316656169945469358e-05 1.620282237285187750e-06 3.437639782694973983e+05 7.535176623602172852e+10 8.514054836433146534e+01
1.778279410039111938e+11 3.162644046738429804e-01 1.151176691601914825e+00 -2.219379298806378742e+00 7.025873875720806713e-05 2.178133933069336729e-17 3.873330725484710586e-06 8.918673588736906972e-06 1.068151355080399981e-06 2.519452592362537107e+05 7.535185805474076843e+10 9.782632406830892080e+01
1.995262314969095154e+11 3.115425395245783879e-01 1.166219386596780039e+00 -2.212663680638319086e+00 5.234148384599144271e-05 1.300021346659792360e-17 2.593883601645658034e-06 5.972637714110998173e-06 6.958685725092039196e-07 1.825030778371557244e+05 7.535192749692216492e+10 1.128472358578982551e+02
2.238721138568584900e+11 3.068514993645205524e-01 1.181391363848000919e+00 -2.205892214620127412e+00 3.852806598056911328e-05 7.666565144391855791e-18 1.716330144896316352e-06 3.951996206294568862e-06 4.477527244990657814e-07 1.305920868408975803e+05 7.535197940791316223e+10 1.307135433680388985e+02
2.511886431509859619e+11 3.021914277257463088e-01 1.196694595774330239e+00 -2.199051416742810794e+00 2.800533964091165138e-05 4.464672929206718628e-18 1.121475135200373573e-06 2.582291928475862451e-06 2.843955211298056656e-07 9.225748308112160885e+04 7.535201774251692200e+10 1.520637685106070194e+02
2.818382931264771729e+11 2.975625746922738735e-01 1.212130741013698110e+00 -2.192064598518325802e+00 2.008967473931540210e-05 2.566218969774451057e-18 7.232587742300180227e-07 1.665364871919185668e-06 1.782041011199299073e-07 6.430733311441942351e+04 7.535204569266688538e+10 1.777027308287944436e+02
3.162277660168741455e+11 2.929652290019260086e-01 1.227701349355565297e+00 -2.184970324783298778e+00 1.421333505329050089e-05 1.454834472028136942e-18 4.600590550137963318e-07 1.059325121971695160e-06 1.100868512726581725e-07 4.419854287089052377e+04 7.535206580145712280e+10 2.086515026020937853e+02
3.548133892336166992e+11 2.883995828918828330e-01 1.243408319855735522e+00 -2.177808719088072387e+00 9.910920670522334797e-06 8.128886024891265407e-19 2.884237601185451912e-07 6.641202505142527612e-07 6.700071696050965442e-08 2.993287352713302244e+04 7.535208006712648010e+10 2.462106586766767862e+02
3.981071705535441284e+11 2.838657815031532250e-01 1.259253752872679710e+00 -2.170594329757698837e+00 6.806316556348919000e-06 4.473251451353987961e-19 1.780833478473070769e-07 4.100520620636825952e-07 4.014640914606139095e-08 1.996078794834657310e+04 7.535209003921205139e+10 2.920458894308167146e+02
4.466835921510164795e+11 2.793640346076055603e-01 1.275239564111285917e+00 -2.163238674851549970e+00 4.600020515759531044e-06 2.422732889916953591e-19 1.082195030090518004e-07 2.491846143998669633e-07 2.366549223447272081e-08 1.309700432642866508e+04 7.535209690299566650e+10 3.483064252171847670e+02
5.011872336273329468e+11 2.748946473283432335e-01 1.291367355341563661e+00 -2.155743601142428911e+00 3.057109497011403140e-06 1.290415356368654050e-19 6.467397026886347526e-08 1.489173198458251594e-07 1.371294387833045745e-08 8.448450870388076510e+03 7.535210155154913330e+10 4.177884541393336235e+02
5.623413251904180908e+11 2.704578391039607621e-01 1.307639055675412498e+00 -2.148169567832399096e+00 1.996166299896777374e-06 6.752957839659073538e-20 3.797467260508906570e-08 8.743991505180745021e-08 7.804013005889667352e-09 5.353287438450668560e+03 7.535210464671255493e+10 5.041510451212010366e+02
6.309573444802717285e+11 2.660537663865342184e-01 1.324056861353122061e+00 -2.140545856440073447e+00 1.279450478369210781e-06 3.468888640833870975e-20 2.188720765118318283e-08 5.039715806487962214e-08 4.358086177972505598e-09 3.329049070282178491e+03 7.535210667095092773e+10 6.122113760927408066e+02
7.079457843842270508e+11 2.616825998096223849e-01 1.340622960729431989e+00 -2.132800666107838694e+00 8.042201629174352980e-07 1.747584002002008074e-20 1.237194727074638172e-08 2.848746135692899048e-08 2.385970692427298802e-09 2.029898190346798856e+03 7.535210797010180664e+10 7.483618358876718730e+02
7.943282347243828125e+11 2.573446381914165082e-01 1.357339087794739774e+00 -2.124885408527028119e+00 4.952405714354371253e-07 8.626314918485679724e-21 6.852125501377337825e-09 1.577760203479581197e-08 1.279344107634183580e-09 1.212393866648561243e+03 7.535210878760614014e+10 9.211652414509702567e+02
8.912509381338607178e+11 2.530401356713173899e-01 1.374207163819390232e+00 -2.116876485201849789e+00 2.984589695113149915e-07 4.167256680490139004e-21 3.714071425931434545e-09 8.551965499664861160e-09 6.711049192726693782e-10 7.085303154748658017e+02 7.535210929146968079e+10 1.142185193352086799e+03
1.000000000000130859e+12 2.487692622589434965e-01 1.391229469724605705e+00 -2.108806190309743034e+00 1.758269631070539811e-07 1.967894462675947026e-21 1.967894462676204660e-09 4.531244454343756522e-09 3.440246704224553423e-10 4.047005222546404184e+02 7.535210959529948425e+10 1.427151694524227651e+03
1.122018454302112061e+12 2.445321630934229606e-01 1.408408432324310677e+00 -2.100643271054758010e+00 1.011328541399038722e-07 9.073365792677328594e-22 1.018048386201747388e-09 2.344143038014788895e-09 1.721399831134924204e-10 2.256651171916221585e+02 7.535210977433488464e+10 1.797653900161148613e+03
1.258925411794336182e+12 2.403291071824068537e-01 1.425746015059130123e+00 -2.092293200259686792e+00 5.672224744954261901e-08 4.079840515191047263e-22 5.136214900642105671e-10 1.182657186463240628e-09 8.396997750154205711e-11 1.226888938502181645e+02 7.535210987731111145e+10 2.283627798734403768e+03
1.412537544622946045e+12 2.361603828268217520e-01 1.443244116522809595e+00 -2.083820321445340795e+00 3.098027747504728710e-08 1.786529226230594034e-22 2.523539606616895064e-10 5.810664679776120915e-10 3.987688614052092007e-11 6.494750916472865754e+01 7.535210993505249023e+10 2.927023801033246855e+03
1.584893192461331299e+12 2.320261745507598283e-01 1.460905092340193834e+00 -2.075271323865893081e+00 1.645363382287663146e-08 7.607120938622030539e-23 1.205647418985211002e-10 2.776105774362093551e-10 1.840996000517546921e-11 3.342847625788550658e+01 7.535210996657151794e+10 3.787178005089219823e+03
1.778279410039170166e+12 2.279266199179472707e-01 1.478731544295241118e+00 -2.066657218336116486e+00 8.484267289005003704e-09 3.144848167503194570e-23 5.592418743970346048e-11 1.287702003364660514e-10 8.250440560858627342e-12 1.670416350241397652e+01 7.535210998329583740e+10 4.948887940790978064e+03
1.995262314969160400e+12 2.238619419308736092e-01 1.496725747802661433e+00 -2.057856871990212611e+00 4.240703829901177505e-09 1.260372720343509465e-23 2.514774191716568794e-11 5.790481566092721862e-11 3.583565160923816108e-12 8.091046191702996992e+00 7.535210999190895081e+10 6.534738774845689477e+03
2.238721138568658203e+12 2.198324487317433740e-01 1.514889619465749737e+00 -2.048891927815500225e+00 2.051115903145169179e-09 4.888371877873874499e-24 1.094370145618081060e-11 2.519880383517916608e-11 1.505974673521165215e-12 3.792336407804396181e+00 7.535210999620765686e+10 8.724236777745627478e+03
2.511886431509941895e+12 2.158383461818150773e-01 1.533225548793451631e+00 -2.039837226284760607e+00 9.582395162371861271e-10 1.831315233357440899e-24 4.600055886488018978e-12 1.059202011116682396e-11 6.112040748625193818e-13 1.716860247504881309e+00 7.535210999828314209e+10 1.178341716075056502e+04
2.818382931264864258e+12 2.118797765957943779e-01 1.551736256696614413e+00 -2.030730595398962279e+00 4.315546413777206618e-10 6.613395013320140451e-25 1.863907962325365448e-12 4.291806688763293993e-12 2.391084048642680182e-13 7.493125896194050561e-01 7.535210999925068665e+10 1.611146575696296895e+04
3.162277660168844727e+12 2.079569123456825597e-01 1.570424372924014822e+00 -2.021460078550125328e+00 1.869685033246951673e-10 2.297688588304496366e-25 7.265929292820199025e-13 1.673042047639655955e-12 8.998718645419490062e-14 3.146481344275851022e-01 7.535210999968534851e+10 2.231549075879127122e+04
3.548133892336282715e+12 2.040700576934109389e-01 1.589291924027354419e+00 -2.011980445376543969e+00 7.775333132776057899e-11 7.663527373010784239e-26 2.719122120702640354e-13 6.261010061160256226e-13 3.250861011030310984e-14 1.268452921375823605e-01 7.535210999987315369e+10 3.133289567697348321e+04
3.981071705535571777e+12 2.002194481053445330e-01 1.608341273435790475e+00 -2.002395340471066376e+00 3.096466497588338800e-11 2.447761062056703588e-26 9.744712306065643437e-14 2.243802929146238341e-13 1.124657763453696020e-14 4.897618625687494287e-02 7.535210999995101929e+10 4.463338977625836560e+04
4.466835921510310547e+12 1.964052341163907145e-01 1.627575233129762378e+00 -1.992749667171829664e+00 1.177913220792207207e-11 7.467837916333631946e-27 3.335760666069577642e-14 7.680872783487699057e-14 3.716852115799471137e-15 1.806703575736182121e-02 7.535210999998193359e+10 6.455673725143236516e+04
5.011872336273493164e+12 1.926275475350960331e-01 1.646996760068657251e+00 -1.982980207159378283e+00 4.268609958450957669e-12 2.170501277557757503e-27 1.087827530883799979e-14 2.504815456361557883e-14 1.170430055837167749e-15 6.351282319601246271e-03 7.535210999999365234e+10 9.488950434790193685e+04
5.623413251904365234e+12 1.888866608609572895e-01 1.666608121785606578e+00 -1.972970433196482354e+00 1.469436310484086267e-12 5.993463727196946625e-28 3.370372334832744085e-15 7.760569096025414227e-15 3.502119643461465411e-16 2.121806318876355395e-03 7.535210999999787903e+10 1.418697076243386255e+05
6.309573444802923828e+12 1.851828421711389783e-01 1.686411605926118940e+00 -1.962824348795571439e+00 4.790589140899388386e-13 1.567420079092754972e-28 9.889752107894545465e-16 2.277199577704442457e-15 9.926774750290117908e-17 6.715801918536321198e-04 7.535210999999932861e+10 2.159719142057884892e+05
7.079457843842502930e+12 1.815162489313075778e-01 1.706410103492097985e+00 -1.952598848538802390e+00 1.474281098196886956e-13 3.869345514928928328e-29 2.739286845620040986e-16 6.307441056159388678e-16 2.656915541989195904e-17 2.007430846046199938e-04 7.535210999999980164e+10 3.351254552110296208e+05
7.943282347244088867e+12 1.778869909317125908e-01 1.726606812719338135e+00 -1.942294091980409698e+00 4.267751788630327603e-14 8.984796617102107073e-30 7.136877636220557838e-17 1.643326805568404067e-16 6.692235765572563767e-18 5.647640494205469349e-05 7.535210999999993896e+10 5.306517357343470212e+05
8.912509381338898438e+12 1.742952865984754574e-01 1.747004368712359978e+00 -1.931743109399042924e+00 1.157791344169965899e-14 1.955465547554883890e-30 1.742810503746790972e-17 4.012969485840804414e-17 1.580676380191373989e-18 1.490147588109784208e-05 7.535210999999998474e+10 8.584579207294884836e+05
1.000000000000163672e+13 1.707414247214393277e-01 1.767605003043088319e+00 -1.921001459352834173e+00 2.931970998457093393e-15 3.973056077859446140e-31 3.973056077860096773e-18 9.148299698510050900e-18 3.487265162684269090e-19 3.672993909074276380e-06 7.535211000000000000e+10 1.420708600607994013e+06
1.122018454302148828e+13 1.672255744832516489e-01 1.788411632592616041e+00 -1.910164244027251490e+00 6.901363779526523022e-16 7.503089727583206336e-32 8.418605138633240176e-19 1.938455469601997178e-18 7.155763706562693245e-20 8.421732820123067772e-07 7.535211000000000000e+10 2.408692366505214944e+06
1.258925411794377344e+13 1.637478388658987483e-01 1.809427602319370720e+00 -1.899279923609976217e+00 1.503004467385677047e-16 1.310935507397974960e-32 1.650370023486866670e-19 3.800117414005092545e-19 1.359595679056450937e-20 1.788259700708812387e-07 7.535211000000000000e+10 4.189833274069448467e+06
1.412537544622992383e+13 1.603083708047546851e-01 1.830656001112093367e+00 -1.888173228701513384e+00 3.013744469648434842e-17 2.109054104296473219e-33 2.979118105959984473e-20 6.859672941052116966e-20 2.380745020288797366e-21 3.500049663087186795e-08 7.535211000000000000e+10 7.489089805498821661e+06
1.584893192461383203e+13 1.569074553923741344e-01 1.852099103530904234e+00 -1.876812091197130439e+00 5.535040802183109549e-18 3.108260531210419383e-34 4.926260956311796293e-21 1.134313504220213422e-20 3.822484089707231952e-22 6.282218320806559214e-09 7.535211000000000000e+10 1.377901283010397293e+07
1.778279410039228125e+13 1.535452821881956031e-01 1.873759757489529498e+00 -1.865338096154864012e+00 9.259151913867300254e-19 4.172360745272757260e-35 7.419623204574472738e-22 1.708431378648589246e-21 5.595924844945647203e-23 1.028286857388569966e-09 7.535211000000000000e+10 2.614424124367716163e+07
1.995262314969225781e+13 1.502219530485439380e-01 1.895641391553668065e+00 -1.853819009838089338e+00 1.402259107431157172e-19 5.070206387995304137e-36 1.011639173508326711e-22 2.329385280409090311e-22 7.425000782219226689e-24 1.525764046835369994e-10 7.535211000000000000e+10 5.125872885521667451e+07
2.238721138568731641e+13 1.469375601535215514e-01 1.917747543300246216e+00 -1.842133765290808078e+00 1.910141718071221217e-20 5.542020739473215817e-37 1.240703897984500198e-23 2.856826300318715830e-23 8.873310061168503488e-25 2.039394443807401768e-11 7.535211000000000000e+10 1.040650221186899096e+08
2.511886431510023828e+13 1.436923529289453605e-01 1.940080702838934634e+00 -1.830139079012669479e+00 2.324295989246543205e-21 5.412150115036850493e-38 1.359470643925647933e-24 3.130296839066213510e-24 9.486701006051950431e-26 2.439113329555280397e-12 7.535211000000000000e+10 2.192611035729744136e+08
2.818382931264956250e+13 1.404865474304405892e-01 1.962643542618498049e+00 -1.818001864463410611e+00 2.507771062944842139e-22 4.686502421498761927e-39 1.320835843208399699e-25 3.041336922863882156e-25 9.006246776704814447e-27 2.590844886023690804e-13 7.535211000000000000e+10 4.806386809124064445e+08
3.162277660168948438e+13 1.373202419190316381e-01 1.985439548676810162e+00 -1.805796945060486935e+00 2.379920728753864844e-23 3.569314670335607597e-40 1.128716404411558739e-26 2.598965567015893938e-26 7.531630777911710501e-28 2.424655993142711260e-14 7.535211000000000000e+10 1.099099455791886806e+09
3.548133892336399219e+13 1.341934857158146865e-01 2.008472597233656565e+00 -1.793498771606782061e+00 1.969429601244109955e-24 2.370349560967630903e-41 8.410317613953955497e-28 1.936547196523563241e-27 5.500800612411142616e-29 1.982150865596916370e-15 7.535211000000000000e+10 2.629408316462928295e+09
3.981071705535702344e+13 1.311064629591156827e-01 2.031745591493828051e+00 -1.780871468003955904e+00 1.408013689837714590e-25 1.360193015120494383e-42 5.415025926563496129e-29 1.246855797668137837e-28 3.477186716852231336e-30 1.402731216488569381e-16 7.535211000000000000e+10 6.600710153630352974e+09
4.466835921510457031e+13 1.280594080298000648e-01 2.055260997502508236e+00 -1.768032062653551950e+00 8.611240915342362915e-27 6.677429513034785982e-44 2.982698201217786052e-30 6.867916415024228706e-30 1.883493123062951663e-31 8.508099287222815686e-18 7.535211000000000000e+10 1.744530849466808319e+10
5.011872336273657812e+13 1.250524170581366612e-01 2.079022293111706610e+00 -1.755105281829399733e+00 4.456972183619112952e-28 2.774065526911382593e-45 1.390326227333756585e-31 3.201344445457358992e-31 8.648040817046787924e-33 4.375171084556845772e-19 7.535211000000000000e+10 4.871852035723200989e+10
5.623413251904549219e+13 1.220855149113625193e-01 2.103033537897502026e+00 -1.742152188283388803e+00 1.929546726873023398e-29 9.638902031444201238e-47 5.420352941743299870e-33 1.248082388242454699e-32 3.326591063428113994e-34 1.885265922513130077e-20 7.535211000000000000e+10 1.443223287202588196e+11
6.309573444803129688e+13 1.191588015597376538e-01 2.127298208591645867e+00 -1.728892908765656378e+00 6.900368384043494222e-31 2.766932634887057635e-48 1.745816467664253195e-34 4.019890973547231542e-34 1.058878184833102869e-35 6.723566879106967563e-22 7.535211000000000000e+10 4.553912338691562500e+11
7.079457843842734375e+13 1.162725054232152805e-01 2.151818658213361601e+00 -1.715328633315655882e+00 2.011381461065005707e-32 6.474864061051032487e-50 4.583852716482315570e-36 1.055471093345244218e-35 2.751866411266825674e-37 1.958134669143367149e-23 7.535211000000000000e+10 1.537414186536726562e+12
7.943282347244348438e+13 1.134267293038879604e-01 2.176598207316126299e+00 -1.701658795623577580e+00 4.709866924876590159e-34 1.217143107722965059e-51 9.668111361645955649e-38 2.226164909873234638e-37 5.753455515689547111e-39 4.588625038368394567e-25 7.535211000000000000e+10 5.580722314965357422e+12
8.912509381339190625e+13 1.106214827156709601e-01 2.201640970820105903e+00 -1.687989943553969363e+00 8.720509080221389108e-36 1.808935867468804831e-53 1.612215788905667100e-39 3.712264042223824630e-39 9.523663995088941144e-41 8.514696044987679843e-27 7.535211000000000000e+10 2.189770723609364453e+13
1.000000000000196406e+14 1.078567790559366857e-01 2.226951051785429847e+00 -1.674094231055347493e+00 1.255054063147485539e-37 2.089869951895933455e-55 2.089869951896343877e-41 4.812103397532704953e-41 1.227013045911024996e-42 1.229964344673779832e-28 7.535211000000000000e+10 9.340789961486807812e+13
1.122018454302185625e+14 1.051328053593834772e-01 2.252530915080176221e+00 -1.659798262454539541e+00 1.378662441354438658e-39 1.843199264717089898e-57 2.068103589968794193e-43 4.761984497029616360e-43 1.208223528527979424e-44 1.358090907845208170e-30 7.535211000000000000e+10 4.357970008134867500e+14
1.258925411794418438e+14 1.024496801208133190e-01 2.278383526597726583e+00 -1.645370286367836554e+00 1.133279683992920874e-41 1.216471303548106545e-59 1.531446636755392987e-45 3.526286196508835139e-45 8.911688779308469650e-47 1.123395839806660058e-32 7.535211000000000000e+10 2.238789851422856250e+15
1.412537544623038438e+14 9.980739600527302469e-02 2.304512990141331930e+00 -1.630922551206846816e+00 6.821924983966011678e-44 5.878670570660472893e-62 8.303842893528460456e-48 1.912030486120317839e-47 4.817252588341009141e-49 6.810977175178132363e-35 7.535211000000000000e+10 1.275655856091116400e+16
1.584893192461435000e+14 9.720589605278270873e-02 2.330923910376179187e+00 -1.616369095321690708e+00 2.937252856240658491e-46 2.031916027994697098e-64 3.220369880422074121e-50 7.415175680586886179e-50 1.863843383876803832e-51 2.955940126352304803e-37 7.535211000000000000e+10 8.125751334871257600e+16
1.778279410039286562e+14 9.464528900306944104e-02 2.357619175380415655e+00 -1.601365176112135469e+00 8.820858391475672764e-49 4.899585659606256588e-67 8.712832296201563578e-53 2.006203776299080387e-52 5.033954289342545193e-54 8.955784916042255251e-40 7.535211000000000000e+10 5.834857366101061120e+17
1.995262314969290938e+14 9.212570707960927863e-02 2.384601253282451427e+00 -1.586144212245929497e+00 1.798103079832381410e-51 8.019806066923456521e-70 1.600161681869446071e-55 3.684508435052867423e-55 9.233577507232818404e-57 1.842884462887992372e-42 7.535211000000000000e+10 4.766614176718971904e+18
2.238721138568804688e+14 8.964712394613849611e-02 2.411874160358721930e+00 -1.570877599994933371e+00 2.414879830582109233e-54 8.647869317025366015e-73 1.936016784360525798e-58 4.457843387454815140e-58 1.116181113205295847e-59 2.499288420153113323e-45 7.535211000000000000e+10 4.474609188760615322e+19
2.511886431510106250e+14 8.720943451013717096e-02 2.439442759996152343e+00 -1.555635171569597297e+00 2.068152777305665708e-57 5.945709543329967867e-76 1.493494712759069723e-61 3.438898662064458420e-61 8.605416760806846738e-63 2.161833449914432558e-48 7.535211000000000000e+10 4.879882488567888609e+20
2.818382931265048750e+14 8.481264168691762806e-02 2.467310670798406047e+00 -1.539957622931707126e+00 1.090460721541998489e-60 2.517211200759085331e-79 7.094465082608603735e-65 1.633560954198134474e-64 4.086203260242481176e-66 1.151727692325451735e-51 7.535211000000000000e+10 6.254990839633546314e+21
3.162277660169051875e+14 8.245686890169934280e-02 2.495479923541217282e+00 -1.523921678387705647e+00 3.408663658390049884e-64 6.318845255688792638e-83 1.998194319012987136e-68 4.601012451864693437e-68 1.150621634196224365e-69 3.638727299223767208e-55 7.535211000000000000e+10 9.543092971132587868e+22
3.548133892336515000e+14 8.014207977170896557e-02 2.523954222380045742e+00 -1.507821944126098046e+00 6.060022107038675760e-68 9.020674765418718436e-87 3.200656186692689739e-72 7.369783223277755274e-72 1.842766494738369965e-73 6.538521101013618813e-59 7.535211000000000000e+10 1.757289163430450172e+24
3.981071705535832500e+14 7.786813614411111639e-02 2.552738445160487757e+00 -1.491831202919633892e+00 5.854429709213555442e-72 6.996465788429086774e-91 2.785343198906448869e-76 6.413489728674338799e-76 1.603516757218340576e-77 6.383785301195562332e-63 7.535211000000000000e+10 3.965599328911776610e+25
4.466835921510603125e+14 7.563492478991191981e-02 2.581837134350541518e+00 -1.475514748585339930e+00 2.924684621478976490e-76 2.806379738415870293e-95 1.253563782495553993e-80 2.886437278691492998e-80 7.216411779530434338e-82 3.223470100243621572e-67 7.535211000000000000e+10 1.114875139009439263e+27
5.011872336273821875e+14 7.344252347261073788e-02 2.611252172249733050e+00 -1.458672034742388490e+00 7.164616915025216923e-81 5.521183732329673678e-100 2.767146801154814046e-85 6.371590974465233868e-85 1.592930273697730279e-86 7.983583065933376785e-72 7.535211000000000000e+10 3.974364954560081927e+28
5.623413251904733125e+14 7.129089870972028786e-02 2.640986607539574482e+00 -1.441743193259509059e+00 8.119220459431862355e-86 5.024554184665924528e-105 2.825514458696374067e-90 6.505987472633412141e-90 1.626511274692951482e-91 9.146554941691222006e-77 7.535211000000000000e+10 1.831952915430842099e+30
6.309573444803336250e+14 6.917988139433375872e-02 2.671045189924804220e+00 -1.424922392729860210e+00 3.991415426704748433e-91 1.983229876395223974e-110 1.251333456304390770e-95 2.881301762851206438e-95 7.203280198248760079e-97 4.544964531054455272e-82 7.535211000000000000e+10 1.115552200284186365e+32
7.079457843842966250e+14 6.710925521939822835e-02 2.701433312781510221e+00 -1.407977629636258499e+00 7.932149615453251103e-97 3.164347938615884090e-116 2.240186783468254023e-101 5.158220693136282409e-101 1.289556904162969788e-102 9.129365235434387023e-88 7.535211000000000000e+10 9.187270349490132509e+33
7.943282347244608750e+14 6.507900816272110811e-02 2.732153237025229053e+00 -1.390383450987997982e+00 5.907643712784163569e-103 1.892696117936450148e-122 1.503421966230300333e-107 3.461757007921687161e-107 8.654396527953793496e-109 6.874431905135766097e-94 7.535211000000000000e+10 1.049351699061240893e+36
8.912509381339482500e+14 6.308911642852099710e-02 2.763207005634547464e+00 -1.372605152139047435e+00 1.518172410849046017e-109 3.906233490157731174e-129 3.481434262673324769e-114 8.016298635470315061e-114 2.004074951048241131e-115 1.786133711986865588e-100 7.535211000000000000e+10 1.708816176942652535e+38
1.000000000000229000e+15 6.113937596965041132e-02 2.794599169152327534e+00 -1.354895042481941481e+00 1.228366605066802726e-116 2.537849007358086656e-136 2.537849007358667638e-121 5.843613292613804648e-121 1.460903383749991546e-122 1.460903391144223271e-107 7.535211000000000000e+10 4.090654827960222394e+40
1.122018454302222250e+15 5.922949530046198174e-02 2.826335629741520972e+00 -1.337307993258743277e+00 2.828174508616840449e-124 4.690964863061203678e-144 5.263349144837967350e-129 1.211930928012686237e-128 3.029827352095238210e-130 3.399522206790214389e-115 7.535211000000000000e+10 1.488883462266398920e+43
1.258925411794459750e+15 5.735933650361488279e-02 2.858419649988933831e+00 -1.319054692543497387e+00 1.660840622917694611e-132 2.212206731171110752e-152 2.785003270014066324e-137 6.412707013474061124e-137 1.603176757212815100e-138 2.018279959843981792e-123 7.535211000000000000e+10 8.544228692538631498e+45
1.412537544623084750e+15 5.552887026072604593e-02 2.890852208601053963e+00 -1.300389698708102948e+00 2.209727947975947781e-141 2.363917581542750985e-161 3.339122336323738153e-146 7.688613315302490337e-146 1.922153329740779762e-147 2.715113744938861641e-132 7.535211000000000000e+10 8.042739281561140727e+48
1.584893192461487000e+15 5.373786892665393528e-02 2.923637331835009512e+00 -1.281771881971532467e+00 5.838332030260914630e-151 5.015494740081204909e-171 7.949023470381097141e-156 1.830330294675931273e-155 4.575825737063477679e-157 7.252195060634236213e-142 7.535211000000000000e+10 1.297707579149852214e+52
1.778279410039344750e+15 5.198599240162395801e-02 2.956780973581028427e+00 -1.263491169090874333e+00 2.646552451377056330e-161 1.825163055525683465e-181 3.245649881605820212e-166 7.473385034463451954e-166 1.868346258638164688e-167 3.322441682565134084e-152 7.535211000000000000e+10 3.768607236904363502e+55
1.995262314969356250e+15 5.027295979960557520e-02 2.990287924960259414e+00 -1.244682004234275885e+00 1.753948785909435697e-172 9.712183536523835651e-193 1.937835380649181848e-177 4.462030860159248344e-177 1.115507715041447121e-178 2.225730505880173909e-163 7.535211000000000000e+10 2.077347446928136779e+59
2.238721138568878000e+15 4.859870172595496390e-02 3.024158461890216643e+00 -1.225150778375473148e+00 1.430449076891536965e-184 6.361771024257154167e-205 1.424223127073947422e-189 3.279394941497836140e-189 8.198487353745780183e-191 1.835412694312063310e-175 7.535211000000000000e+10 2.301912208681545235e+63
2.511886431510188500e+15 4.696298690942930093e-02 3.058395500088327612e+00 -1.205645484389401556e+00 1.185460086587062473e-197 4.233887905879735201e-218 1.063504558331439275e-202 2.448809742345188796e-202 6.122024355863021281e-204 1.537782991286724672e-188 7.535211000000000000e+10 5.466403036763639041e+67
2.818382931265141000e+15 4.536543798566727848e-02 3.093004741702703342e+00 -1.186545872619197750e+00 8.064321531721736510e-212 2.312163690706452846e-232 6.516562680178079126e-217 1.500494008493937116e-216 3.751235021234829605e-218 1.057241675501227529e-202 7.535211000000000000e+10 2.987275258288133440e+72
3.162277660169155500e+15 4.380564156116408675e-02 3.127992667127797333e+00 -1.167256320998907526e+00 3.555211115301694758e-227 8.182976291568061644e-248 2.587684312051952164e-232 5.958363322305378124e-232 1.489590830576338140e-233 4.710499806324371320e-218 7.535211000000000000e+10 4.064224316321359873e+77
3.548133892336631000e+15 4.228344008397715709e-02 3.163359756957520030e+00 -1.146940359206079396e+00 7.875209230132799241e-244 1.455779722652073440e-264 5.165301373718242899e-249 1.189354594394529319e-248 2.973386485986311016e-250 1.054997336594374659e-234 7.535211000000000000e+10 1.498245144533563940e+83
3.981071705535962500e+15 4.079861943956665515e-02 3.199107035410037270e+00 -1.126553483750651452e+00 6.618922923373929111e-262 9.825910194907498109e-283 3.911765305808359128e-267 9.007172480445623087e-267 2.251793120111396196e-268 8.964549877196021725e-253 7.535211000000000000e+10 1.643704852869673100e+89
4.466835921510749500e+15 3.935076487368921461e-02 3.235239866602698910e+00 -1.106504906050493453e+00 1.540147803067799571e-281 1.835569160112428388e-302 8.199186260807511919e-287 1.887932405881696887e-286 4.719831014704222241e-288 2.108271071994135081e-272 7.535211000000000000e+10 5.961531596436803740e+95
5.011872336273986000e+15 3.793936696502449996e-02 3.271765999774602030e+00 -1.086750008216966545e+00 6.977354307763525155e-303 4.940656458412465442e-324 2.476193942695084073e-308 5.701647259811853255e-308 1.425411814952958126e-309 7.143982043160821595e-294 7.535211000000000000e+10 8.885595697742025160e+102
5.623413251904917000e+15 3.656413595228171637e-02 3.308687410997014577e+00 -1.065839906467772158e+00 0.000000000000000000e+00 0.000000000000000000e+00 0.000000000000000000e+00 0.000000000000000000e+00 0.000000000000000000e+00 0.000000000000000000e+00 7.535211000000000000e+10 inf
6.309573444803543000e+15 3.522487365981254864e-02 3.346002807866350626e+00 -1.044473886674689211e+00 0.000000000000000000e+00 0.000000000000000000e+00 0.000000000000000000e+00 0.000000000000000000e+00 0.000000000000000000e+00 0.000000000000000000e+00 7.535211000000000000e+10 inf
7.079457843843198000e+15 3.392114085438431570e-02 3.383716834945251328e+00 -1.023405597165395031e+00 0.000000000000000000e+00 0.000000000000000000e+00 0.000000000000000000e+00 0.000000000000000000e+00 0.000000000000000000e+00 0.000000000000000000e+00 7.535211000000000000e+10 inf
7.943282347244868000e+15 3.265237397938701436e-02 3.421837715967652294e+00 -1.003141979189907662e+00 0.000000000000000000e+00 0.000000000000000000e+00 0.000000000000000000e+00 0.000000000000000000e+00 0.000000000000000000e+00 0.000000000000000000e+00 7.535211000000000000e+10 inf
8.912509381339774000e+15 3.141812461415736252e-02 3.460370335582209744e+00 -9.818513151542859196e-01 0.000000000000000000e+00 0.000000000000000000e+00 0.000000000000000000e+00 0.000000000000000000e+00 0.000000000000000000e+00 0.000000000000000000e+00 7.535211000000000000e+10 inf
