# [1] m:            [M_sun/h] 
# [2] sigma 
# [3] ln(1/sigma) 
# [4] n_eff 
# [5] f(sigma) 
# [6] dn/dm:        [h^4/(Mpc^3*M_sun)] 
# [7] dn/dlnm:      [h^3/Mpc^3] 
# [8] dn/dlog10m:   [h^3/Mpc^3] 
# [9] n(>m):        [h^3/Mpc^3] 
# [11] rho(>m):     [M_sun*h^2/Mpc^3] 
# [11] rho(<m):     [M_sun*h^2/Mpc^3] 
# [12] Lbox(N=1):   [Mpc/h]
1.000000000000000000e+08 1.243973207271265480e+00 -2.183104565217596216e-01 -2.515308955417428827e+00 2.945419520106713485e-01 1.792901058873621940e-07 1.792901058873621878e+01 4.128307251375642295e+01 1.767110945588435555e+01 1.090142642230621910e+10 6.445068357769377899e+10 3.839241172304397320e-01
1.122018454301965237e+08 1.232420859451777817e+00 -2.089804134749161657e-01 -2.512209409961047690e+00 2.929011790225293232e-01 1.425275124618561436e-07 1.599184992279559125e+01 3.682259524162711273e+01 1.571846776199977391e+01 1.069492966253083611e+10 6.465718033746916199e+10 3.992055744670148232e-01
1.258925411794171333e+08 1.220903029190625766e+00 -1.995907728024015337e-01 -2.509084975125782435e+00 2.911937156281688699e-01 1.132745876240847543e-07 1.426042568704658464e+01 3.283584360674284142e+01 1.397700679079053288e+01 1.048829588920427513e+10 6.486381411079572296e+10 4.151406630306946899e-01
1.412537544622761309e+08 1.209419991203922962e+00 -1.901408985731148082e-01 -2.505939683933880779e+00 2.894181804423884286e-01 9.000154156165589081e-08 1.271305565297648066e+01 2.927289243294733012e+01 1.242428838979828498e+01 1.028157854536560249e+10 6.507053145463439941e+10 4.317604179616605364e-01
1.584893192461123765e+08 1.197972048298326486e+00 -1.806301674497160781e-01 -2.502757449549420254e+00 2.875732051329499828e-01 7.149256365261787548e-08 1.133080774446276351e+01 2.609014900398144832e+01 1.104021235387507183e+01 1.007483064749573326e+10 6.527727935250426483e+10 4.490977277167721438e-01
1.778279410038937330e+08 1.186559600538926729e+00 -1.710580278604262039e-01 -2.499532053912321139e+00 2.856574506155551418e-01 5.677615665585818189e-08 1.009638703622577793e+01 2.324779028271181147e+01 9.806763871707746105e+00 9.868102731657342911e+09 6.548400726834265900e+10 4.671877289677536793e-01
1.995262314968899190e+08 1.175182995657119145e+00 -1.614238764545364024e-01 -2.496277116387023653e+00 2.836695874850109211e-01 4.507633786883118563e-08 8.993911824648437303e+00 2.070924729513837192e+01 8.707837932261496050e+00 9.661449112937316895e+09 6.569066088706268311e+10 4.860674668945036969e-01
2.238721138568365276e+08 1.163842501393627105e+00 -1.517270320732053979e-01 -2.492999655137310366e+00 2.816082931851489612e-01 3.577650091677305700e-08 8.009360886639033339e+00 1.844223498198461186e+01 7.729050875333425275e+00 9.454930607947380066e+09 6.589717939205261993e+10 5.057756823512218336e-01
2.511886431509613097e+08 1.152538375687749417e+00 -1.419667931110970005e-01 -2.489688727749427066e+00 2.794722669869596499e-01 2.838690516319404037e-08 7.130468191197729233e+00 1.641850976312010957e+01 6.857532256705811236e+00 9.248609474956872940e+09 6.610350052504312897e+10 5.263533365744402781e-01
2.818382931264495254e+08 1.141270990638611371e+00 -1.321425454313800152e-01 -2.486328700834914418e+00 2.772602589730009393e-01 2.251734037437869103e-08 6.346248776862178254e+00 1.461277783003454900e+01 6.081750066876947969e+00 9.042544886171575546e+09 6.630956511382842255e+10 5.478442954293082368e-01
3.162277660168430805e+08 1.130040716908776277e+00 -1.222536647377223396e-01 -2.482932715939502710e+00 2.749710552327739865e-01 1.785575456483359655e-08 5.646485376582376148e+00 1.300151305592745032e+01 5.391392794727901006e+00 8.836797891422384262e+09 6.651531210857761383e+10 5.702951462817380524e-01
3.548133892335818410e+08 1.118847828222502727e+00 -1.122994310051364658e-01 -2.479510783545991526e+00 2.726034626170912301e-01 1.415426334792846938e-08 5.022122150583165023e+00 1.156386359912799477e+01 4.777258378351517898e+00 8.631436564803480148e+09 6.672067343519651794e+10 5.937547401151435089e-01
3.981071705535050631e+08 1.107692556945296891e+00 -1.022790741404525361e-01 -2.476059821077036371e+00 2.701563230417067807e-01 1.121607767527074168e-08 4.465200948010370041e+00 1.028150514011156069e+01 4.231124159870531365e+00 8.426532700888417244e+09 6.692557729911157990e+10 6.182746070780446024e-01
4.466835921509726048e+08 1.096575235126801440e+00 -9.219190040871264036e-02 -2.472557076113361951e+00 2.676285503973668267e-01 8.884890493947252762e-09 3.968734801704388193e+00 9.138349592451204373e+00 3.745627791556464192e+00 8.222155407322202682e+09 6.712995459267779541e+10 6.439099366984171180e-01
5.011872336272837520e+08 1.085496256036485363e+00 -8.203726126207665226e-02 -2.469009371829997690e+00 2.650191316884814574e-01 7.035715182739569882e-09 3.526210629026724330e+00 8.119400029154093090e+00 3.314184051016333399e+00 8.018373145781890869e+09 6.733373685421810913e+10 6.707197977342496120e-01
5.623413251903629303e+08 1.074455912360642751e+00 -7.181440541698602686e-02 -2.465431527157073255e+00 2.623270962593591826e-01 5.569172389555233885e-09 3.131775781756070298e+00 7.211180229671302122e+00 2.930919544545700361e+00 7.815261038635268211e+09 6.753684896136473083e+10 6.987664329339385860e-01
6.309573444802097082e+08 1.063454430101075765e+00 -6.152250575193553978e-02 -2.461827884070392436e+00 2.595515274812895679e-01 4.406451036283027417e-09 2.780282644435207118e+00 6.401837371386573494e+00 2.590594104519254870e+00 7.612900264780665398e+09 6.773920973521933746e+10 7.281153871856067550e-01
7.079457843841576576e+08 1.052492094718909144e+00 -5.116077559028624211e-02 -2.458173732832924507e+00 2.566916008547519001e-01 3.485105113541839014e-09 2.467265473267616027e+00 5.681088699204912551e+00 2.288520952754468762e+00 7.411370537206695557e+09 6.794073946279330444e+10 7.588367738623720271e-01
7.943282347243049145e+08 1.041569309812022004e+00 -4.072852757189707185e-02 -2.454464584827185991e+00 2.537466105628385371e-01 2.755290322284867326e-09 2.188604897853499764e+00 5.039449012251225213e+00 2.020507509968066273e+00 7.210748551376714706e+09 6.814136144862328339e+10 7.910061200507952917e-01
8.912509381337732077e+08 1.030686401258491536e+00 -3.022498927850264874e-02 -2.450720040111832976e+00 2.507159276849191820e-01 2.177307892819549457e-09 1.940527702081492389e+00 4.468230159354835251e+00 1.782815530677915872e+00 7.011116277396533966e+09 6.834099372260346985e+10 8.247035495108113734e-01
1.000000000000032663e+09 1.019843604366008405e+00 -1.964928648714581519e-02 -2.446949531305795844e+00 2.475990018545344284e-01 1.719720315751271271e-09 1.719720315751327444e+00 3.959802363168020367e+00 1.572114717614845336e+00 6.812563360284265518e+09 6.853954663971573639e+10 8.600134740917289022e-01
1.122018454302001953e+09 1.009041163038177258e+00 -9.000536414642336044e-03 -2.443133820886781216e+00 2.443953962218339271e-01 1.357650644971157287e-09 1.523309078152653928e+00 3.507548775376803096e+00 1.385430939151225616e+00 6.615179939821633339e+09 6.873693006017835999e+10 8.970260170028002689e-01
1.258925411794212580e+09 9.982794701278345784e-01 1.722011683596988332e-03 -2.439254337778561599e+00 2.411048409827243333e-01 1.071312125764112589e-09 1.348702059087718785e+00 3.105501256145756006e+00 1.220104688363162326e+00 6.419051717245186806e+09 6.893305828275480652e+10 9.358386295147442802e-01
1.412537544622807503e+09 9.875588950049233317e-01 1.251914347396986676e-02 -2.435332209226879652e+00 2.377271951994877897e-01 8.449208937335504689e-10 1.193482484634897478e+00 2.748094977869810496e+00 1.073764782512773852e+00 6.224267172741406441e+09 6.912784282725859070e+10 9.765555398839700363e-01
1.584893192461175680e+09 9.768796928191085804e-01 2.339177390841863310e-02 -2.431380393011853602e+00 2.342624263562698150e-01 6.659914220099610115e-10 1.055525270981125141e+00 2.430436754239639452e+00 9.443014892100382029e-01 6.030922922768098831e+09 6.932118707723190308e+10 1.019286898031172672e+00
1.778279410038995504e+09 9.662420831089454376e-01 3.434087253301554982e-02 -2.427390748408852605e+00 2.307106424425779401e-01 5.246505791748412667e-10 9.329753224116540400e-01 2.148255069516388449e+00 8.298341936161379717e-01 5.839118412164731979e+09 6.951299158783526611e+10 1.064150102724192637e+00
1.995262314968964577e+09 9.556464256466786766e-01 4.536728199116366739e-02 -2.423332789424653466e+00 2.270721626483266919e-01 4.130791947568145519e-10 8.242013503959976228e-01 1.897793743047386350e+00 7.286829733020440125e-01 5.648948559796751976e+09 6.970316144020324707e+10 1.111272224072142212e+00
2.238721138568438530e+09 9.450931321436815136e-01 5.647180381137978378e-02 -2.419221118261965398e+00 2.233475039933374151e-01 3.250394594508692951e-10 7.276727087415199025e-01 1.675528331726821918e+00 6.393499214326892055e-01 5.460507634006915092e+09 6.989160236599308777e+10 1.160790364954113807e+00
2.511886431509695053e+09 9.345824878071475883e-01 6.765538652548701293e-02 -2.415074525154821572e+00 2.195373301419232259e-01 2.555954286231827245e-10 6.420266891144774668e-01 1.478321083659318580e+00 5.605036860480360206e-01 5.273897249857773781e+09 7.007821275014222717e+10 1.212850232150580965e+00
2.818382931264587402e+09 9.241147099280222488e-01 7.891907010205163886e-02 -2.410896422799465810e+00 2.156424795468990241e-01 2.008492175931020865e-10 5.660700066222460469e-01 1.303424358839424535e+00 4.909600499855676925e-01 5.089224158942623138e+09 7.026288584105737305e+10 1.267606960235577285e+00
3.162277660168534756e+09 9.136901106215102875e-01 9.026381247762634008e-02 -2.406650924442658823e+00 2.116640374199942332e-01 1.577253549585233755e-10 4.987713664274909253e-01 1.148463513148211490e+00 4.296628531858770472e-01 4.906591422035254478e+09 7.044551857796475220e+10 1.325228388676537028e+00
3.548133892335934639e+09 9.033091282784545539e-01 1.016904493992030895e-01 -2.402338354864660630e+00 2.076033652189732959e-01 1.237752871414154547e-10 4.391712913400683815e-01 1.011229268710586604e+00 3.756705336394073336e-01 4.726097988225720406e+09 7.062601201177427673e+10 1.385897004499604179e+00
3.981071705535181046e+09 8.929720908174390015e-01 1.131999518779749914e-01 -2.397984547927129118e+00 2.034620232432256259e-01 9.705885527402309766e-11 3.863982625030474294e-01 8.897148791983172655e-01 3.281469299416849283e-01 4.547848098905616760e+09 7.080426190109439087e+10 1.449808199177467838e+00
4.466835921509872437e+09 8.826792315579125026e-01 1.247934155459742289e-01 -2.393600871580847667e+00 1.992417845685122146e-01 7.604718784422970637e-11 3.396903103924141520e-01 7.821658449440932470e-01 2.863499118381248598e-01 4.371952468297005653e+09 7.098015753170298767e+10 1.517170240679890814e+00
5.011872336273001671e+09 8.724308148536945584e-01 1.364719233462182157e-01 -2.389156679068101585e+00 1.949446964559373996e-01 5.953679085075192908e-11 2.983907950553551514e-01 6.870701965811022438e-01 2.496190107999951557e-01 4.198519603194584846e+09 7.115359039680541992e+10 1.588208249072015077e+00
5.623413251903812408e+09 8.622272790162724965e-01 1.482363783198297202e-01 -2.384632628413603683e+00 1.905731561173860389e-01 4.657365899671006957e-11 2.619029311917486225e-01 6.030537851735656707e-01 2.173659112561285855e-01 4.027651384232628822e+09 7.132445861576736450e+10 1.663168258604607486e+00
6.309573444802304268e+09 8.520690056417240532e-01 1.600877628953049081e-01 -2.380059258682493351e+00 1.861298287162711507e-01 3.640074929133942016e-11 2.296732010995415074e-01 5.288420891120280132e-01 1.890685143989888628e-01 3.859451668004859447e+09 7.149265833199514771e+10 1.742316018330122507e+00
7.079457843841807365e+09 8.419562544311338659e-01 1.720272204468078214e-01 -2.375451802947419644e+00 1.816176270012047067e-01 2.842288274189728660e-11 2.012186001717206907e-01 4.633229491885332285e-01 1.642643884414749511e-01 3.694030585784367561e+09 7.165807941421563721e+10 1.825935895179946700e+00
7.943282347243309021e+09 8.318892588949421407e-01 1.840559493095572652e-01 -2.370794442351292552e+00 1.770397610677999223e-01 2.217213592256091311e-11 1.761195358743573303e-01 4.055302178893252507e-01 1.425430592645285932e-01 3.531497678086901188e+09 7.182061232191310120e+10 1.914335155140230782e+00
8.912509381338024139e+09 8.218684276524644838e-01 1.961749604206488584e-01 -2.366049396966927176e+00 1.723998418900073160e-01 1.727971001608169457e-11 1.540055776251287312e-01 3.546109472775588189e-01 1.235395301353565817e-01 3.371954817702641487e+09 7.198015518229736328e+10 2.007850400586063344e+00
1.000000000000065422e+10 8.118941973612240348e-01 2.083852461263138722e-01 -2.361242218390431802e+00 1.677018281618088968e-01 1.345296983555097354e-11 1.345296983555185344e-01 3.097660779984026114e-01 1.069301045034576209e-01 3.215501463344626427e+09 7.213660853665538025e+10 2.106848640271033801e+00
1.122018454302038765e+10 8.019668607258658710e-01 2.206879927600408908e-01 -2.356394020342342799e+00 1.629499526056887304e-01 1.046209059449817481e-11 1.173865871760673973e-01 2.702926057490588341e-01 9.242863740977114162e-02 3.062241620917064190e+09 7.228986837908293152e+10 2.211725116132372992e+00
1.258925411794253731e+10 7.920866462502114125e-01 2.330844913205800395e-01 -2.351505963623454765e+00 1.581487627101969551e-01 8.126732273837349330e-12 1.023094977438233633e-01 2.355763243766356430e-01 7.978191415662883035e-02 2.912280042695399284e+09 7.243982995730459595e+10 2.322907142632938626e+00
1.412537544622853661e+10 7.822539114021141993e-01 2.455758962511891408e-01 -2.346529688066294916e+00 1.533032202865252103e-01 6.305525799764786761e-12 8.906791930755807163e-02 2.050864632615797822e-01 6.876534446567349190e-02 2.765713705088967323e+09 7.258639629491102600e+10 2.440863308542336352e+00
1.584893192461227608e+10 7.724691325339785308e-01 2.581632288933914943e-01 -2.341474016061718011e+00 1.484187048689451505e-01 4.886587963714814610e-12 7.744719998054581944e-02 1.783287681693335736e-01 5.917996367990069340e-02 2.622632610103350163e+09 7.272947738989665222e+10 2.566109012113265919e+00
1.778279410039053726e+10 7.627326468006585536e-01 2.708477064790903999e-01 -2.336369787180633928e+00 1.435008879474600207e-01 3.782029444162665456e-12 6.725505088715914848e-02 1.548604776013286499e-01 5.085023253563417112e-02 2.483128297743643284e+09 7.286898170225636292e+10 2.699203855447510847e+00
1.995262314969029617e+10 7.530446997397207687e-01 2.836306907399648858e-01 -2.331230172041784954e+00 1.385557528992104326e-01 2.923111634132873053e-12 5.832374486032859684e-02 1.342953854829807281e-01 4.362133595852646373e-02 2.347293367624722004e+09 7.300481663237527466e+10 2.840754342589931980e+00
2.238721138568511581e+10 7.434055925523133102e-01 2.965134982090078530e-01 -2.326009928735535581e+00 1.335896664453062321e-01 2.256163307128425867e-12 5.050920487731048319e-02 1.163017422094772824e-01 3.735640776621503706e-02 2.215212945008439541e+09 7.313689705499156189e+10 2.991426231086396825e+00
2.511886431509777451e+10 7.338158120253909233e-01 3.094972191527602945e-01 -2.320692310577204598e+00 1.286094425548238718e-01 1.738935821673861392e-12 4.368009295728878666e-02 1.005771309040473654e-01 3.193443593837694272e-02 2.086961570214749813e+09 7.326514842978524780e+10 3.151956753743985207e+00
2.818382931264679718e+10 7.242757525392450324e-01 3.225830854373958889e-01 -2.315317312196553790e+00 1.236221913563592401e-01 1.338227505853378628e-12 3.771637560646066284e-02 8.684516423320058631e-02 2.724887855994576405e-02 1.962611255470803022e+09 7.338949874452919006e+10 3.323153907606600121e+00
3.162277660168637848e+10 7.147856879442213707e-01 3.357725183592337737e-01 -2.309902960356780888e+00 1.186352903469442832e-01 1.028177816210864824e-12 3.251383738884593144e-02 7.486587728758908877e-02 2.320610252192603987e-02 1.842233850522503614e+09 7.350987614947749329e+10 3.505897901698638464e+00
3.548133892336050415e+10 7.053458783315025293e-01 3.490669889159956907e-01 -2.304421799754750033e+00 1.136564239360114137e-01 7.886496545222968548e-13 2.798234568389678517e-02 6.443173203874702493e-02 1.972366228876765160e-02 1.725894074661488533e+09 7.362621592533851624e+10 3.701156768301589572e+00
3.981071705535311127e+10 6.959567858627440096e-01 3.624677098530030284e-01 -2.298830311591643305e+00 1.086936786942277466e-01 6.039091201094619408e-13 2.404205510782504718e-02 5.535887769621931215e-02 1.672889704539350791e-02 1.613644056202688694e+09 7.373846594379731750e+10 3.910007260771910076e+00
4.466835921510018158e+10 6.866188681866154386e-01 3.759759177264371255e-01 -2.293167586774806033e+00 1.037554111491445774e-01 4.616059306519493895e-13 2.061917952618189803e-02 4.747741540675447236e-02 1.415798971781917319e-02 1.505528684641201019e+09 7.384658131535879517e+10 4.133641440792190203e+00
5.011872336273165894e+10 6.773324314646106403e-01 3.895930904518590809e-01 -2.287456520659257198e+00 9.885014126508030741e-02 3.521541671400093631e-13 1.764951728392329805e-02 4.063951539650254713e-02 1.195506644773775690e-02 1.401590212747545719e+09 7.395051978725245667e+10 4.373367788614257456e+00
5.623413251903997040e+10 6.680977225586822721e-01 4.033208248895011616e-01 -2.281693329055042518e+00 9.398656877911754082e-02 2.681142285208805156e-13 1.507717105688336119e-02 3.471646932010091086e-02 1.007116682982267877e-02 1.301863933595232964e+09 7.405024606640476990e+10 4.630629881482152932e+00
6.309573444802510834e+10 6.589151505556706256e-01 4.171605076164839887e-01 -2.275816282555902070e+00 8.917365283212518035e-02 2.037180359451637057e-13 1.285373909826928278e-02 2.959682803690958167e-02 8.463334395897423659e-03 1.206371830128722191e+09 7.414573816987127686e+10 4.907038888229268814e+00
7.079457843842039490e+10 6.497852235558567724e-01 4.311133959936035431e-01 -2.269846482924962938e+00 8.442053462011366027e-02 1.544565916427189263e-13 1.093468929238153309e-02 2.517805256115933019e-02 7.093962380945706934e-03 1.115124249646513224e+09 7.423698575035348511e+10 5.204396462124547540e+00
7.943282347243568420e+10 6.407082891798829838e-01 4.451810127278869045e-01 -2.263819168787720937e+00 7.973635374174160850e-02 1.168382502651204331e-13 9.280792108137573063e-03 2.136981355937436072e-02 5.930265727932369432e-03 1.028125893519805789e+09 7.432398410648019409e+10 5.524698921457355638e+00
8.912509381338316345e+10 6.316846069885384551e-01 4.593650489720682573e-01 -2.257748934562121335e+00 7.513023590186178324e-02 8.816774831524057463e-14 7.857958839910571605e-03 1.809361888613886943e-02 4.943679916794543362e-03 9.453743908010218143e+08 7.440673560919897461e+10 5.870159277080150950e+00
1.000000000000098114e+11 6.227145212319336043e-01 4.736670975877195211e-01 -2.251571783921739289e+00 7.061132530693109421e-02 6.636952089504569474e-14 6.636952089505220725e-03 1.528214694421040597e-02 4.109285771035814903e-03 8.668541364242241383e+08 7.448525586357577515e+10 6.243257083028967536e+00
1.122018454302075348e+11 6.137985611446088452e-01 4.880884809755132725e-01 -2.245277647506613405e+00 6.618876957170805042e-02 4.983284565976817229e-14 5.591337246064697307e-03 1.287452979269095368e-02 3.405368852613283558e-03 7.925351190190418959e+08 7.455957488098095703e+10 6.646789832517774776e+00
1.258925411794294891e+11 6.049371303189119420e-01 5.026307431792679248e-01 -2.238916054641925779e+00 6.187149497930388709e-02 3.731361603045634794e-14 4.697505942667646456e-03 1.081640715783746542e-02 2.813095428850075509e-03 7.223788443861011267e+08 7.462973115561389160e+10 7.083890590970831624e+00
1.412537544622899780e+11 5.961305152231400895e-01 5.172956506168374657e-01 -2.232509641017603297e+00 5.766814485407495416e-02 2.785820159712495172e-14 3.935075568161262513e-03 9.060846343053197832e-03 2.316164091327811096e-03 6.563392556837588549e+08 7.469577074431623840e+10 7.558058085522861624e+00
1.584893192461279297e+11 5.873790054195580090e-01 5.320850023960992381e-01 -2.226013176835662133e+00 5.358706736727073677e-02 2.073660832798869049e-14 3.286530937376514697e-03 7.567517144066911346e-03 1.900455004149810166e-03 5.943580255560405254e+08 7.475775197444395447e+10 8.073232678979600507e+00
1.778279410039111938e+11 5.786831119212784147e-01 5.470002536149705108e-01 -2.219379298806378742e+00 4.963633735029143734e-02 1.538806312330149614e-14 2.736427581254919673e-03 6.300857356655331122e-03 1.553745641631755579e-03 5.363620472850424647e+08 7.481574795271495056e+10 8.633893597563522704e+00
1.995262314969095154e+11 5.700433042847946608e-01 5.620429486098358351e-01 -2.212663680638319086e+00 4.582354930534574683e-02 1.138133424951215650e-14 2.270874732211867510e-03 5.228882306447892037e-03 1.265502150054176279e-03 4.822678554890481830e+08 7.486984214451095581e+10 9.245116131757557199e+00
2.238721138568584900e+11 5.614598985083225635e-01 5.772149258610567157e-01 -2.205892214620127412e+00 4.215569241455104088e-02 8.388413845275688213e-15 1.877931939448007018e-03 4.324098089430378211e-03 1.026677640157220564e-03 4.319842514552584291e+08 7.492012574854473877e+10 9.912623977649086982e+00
2.511886431509859619e+11 5.529331572189162269e-01 5.925181577873859240e-01 -2.199051416742810794e+00 3.863912268666745697e-02 6.159934043986678143e-15 1.547305474408579599e-03 3.562802519681275773e-03 8.295051249294301031e-04 3.854097386917877197e+08 7.496670026130821228e+10 1.064290801947787024e+01
2.818382931264771729e+11 5.444635380064775099e-01 6.079543030267539061e-01 -2.192064598518325802e+00 3.527958648309603706e-02 4.506551014563838458e-15 1.270118645832066196e-03 2.924556260226699594e-03 6.673211554317314128e-04 3.424300518100804090e+08 7.500967994818992615e+10 1.144339886233143844e+01
3.162277660168741455e+11 5.360515691875015198e-01 6.235249113686212041e-01 -2.184970324783298778e+00 3.208208388051619203e-02 3.283826166686174265e-15 1.038437012678924227e-03 2.391089585407759916e-03 5.344300092908704997e-04 3.029205302482216954e+08 7.504918946975178528e+10 1.232261995361558604e+01
3.548133892336166992e+11 5.276976025069458620e-01 6.392318818687912074e-01 -2.177808719088072387e+00 2.905070396092942694e-02 2.382723757880777545e-15 8.454222921411381824e-04 1.946656767169042002e-03 4.259863504764509179e-04 2.667498101688840389e+08 7.508536018983111572e+10 1.329029962717116753e+01
3.981071705535441284e+11 5.194019035357992919e-01 6.550773148857353956e-01 -2.170594329757698837e+00 2.618860615521467414e-02 1.721169145203456375e-15 6.852097784410102112e-04 1.577753821412023133e-03 3.378760857619246636e-04 2.337794352962295413e+08 7.511833056470376587e+10 1.435756689941560005e+01
4.466835921510164795e+11 5.111648561030220916e-01 6.710631261243417134e-01 -2.163238674851549970e+00 2.349803711872109138e-02 1.237591597276063460e-15 5.528118602871861641e-04 1.272896348727582108e-03 2.666098315084348687e-04 2.038620097172813714e+08 7.514824799028271484e+10 1.553726643694447240e+01
5.011872336273329468e+11 5.029870185059894805e-01 6.871909173546194571e-01 -2.155743601142428911e+00 2.098029022234012414e-02 8.855845271634978309e-16 4.438436593122431733e-04 1.021987793552298985e-03 2.092377279514380907e-04 1.768422810038582981e+08 7.517526771899613953e+10 1.684431424009416034e+01
5.623413251904180908e+11 4.948687922613022594e-01 7.034626176884681836e-01 -2.148169567832399096e+00 1.863556113499125269e-02 6.304342412227509658e-16 3.545192266546174633e-04 8.163106864746995633e-04 1.632802659507633059e-04 1.525609692975918651e+08 7.519954903070240784e+10 1.829596975369216594e+01
6.309573444802717285e+11 4.868104636363143611e-01 7.198804233661777463e-01 -2.140545856440073447e+00 1.646295138486985124e-02 4.463490070078006181e-16 2.816271841730480746e-04 6.484705560587492338e-04 1.266607348874272351e-04 1.308559069669980407e+08 7.522125409303300476e+10 1.991220396396646564e+01
7.079457843842270508e+11 4.788123448468721288e-01 7.364465227424877858e-01 -2.132800666107838694e+00 1.446050607734397468e-02 3.142292402859534686e-16 2.224572659906990995e-04 5.122267844983951308e-04 9.764330137349876149e-05 1.115612556480281204e+08 7.524054874435197449e+10 2.171630079177889883e+01
7.943282347243828125e+11 4.708749826539713190e-01 7.531626498077954590e-01 -2.124885408527028119e+00 1.262526605438409576e-02 2.199123561284852000e-16 1.746825936376194546e-04 4.022215361155191357e-04 7.478209335815100647e-05 9.450813776090078056e+07 7.525760186223910522e+10 2.373563166986565776e+01
8.912509381338607178e+11 4.629988420678285421e-01 7.700307258324460280e-01 -2.116876485201849789e+00 1.095320679433398406e-02 1.529350056432055668e-16 1.363034672530142471e-04 3.138503318201927000e-04 5.688029665975828647e-05 7.952775462542234361e+07 7.527258224537457275e+10 2.600235694512787532e+01
1.000000000000130859e+12 4.551842341626387012e-01 7.870530317376615015e-01 -2.108806190309743034e+00 9.439276003926985389e-03 1.056464756687401747e-16 1.056464756687540033e-04 2.432600000022311511e-04 4.295253836419774983e-05 6.645326955865656585e+07 7.528565673044134521e+10 2.855422573675039288e+01
1.122018454302112061e+12 4.474314245059493600e-01 8.042319943373663627e-01 -2.100643271054758010e+00 8.077486511401553090e-03 7.246902149322950847e-17 8.131157948061990969e-05 1.872268307998759429e-04 3.219036759414512059e-05 5.511997057615104318e+07 7.529699002942384338e+10 3.143581237158014119e+01
1.258925411794336182e+12 4.397409053130789114e-01 8.215695770721859192e-01 -2.092293200259686792e+00 6.861038599008413910e-03 4.934914343340228384e-17 6.212689071859372537e-05 1.430524524427040551e-04 2.393338551308065248e-05 4.536586240371156484e+07 7.530674413759628296e+10 3.470019813189633595e+01
1.412537544622946045e+12 4.321132041011140901e-01 8.390676785358651690e-01 -2.083820321445340795e+00 5.782369704534855680e-03 3.334499661064160799e-17 4.710105963785615166e-05 1.084541977863511149e-04 1.764571925735429966e-05 3.703366255759148300e+07 7.531507633744241333e+10 3.841081701399700421e+01
1.584893192461331299e+12 4.245486585020307735e-01 8.567286543532495191e-01 -2.075271323865893081e+00 4.833235763259438253e-03 2.234582911701120483e-17 3.541575244745526050e-05 8.154778364267788572e-05 1.289566972162859396e-05 2.997265872257217765e+07 7.532213734127743530e+10 4.264342048873928093e+01
1.778279410039170166e+12 4.170475202223252187e-01 8.745551063082968035e-01 -2.066657218336116486e+00 4.004859963566264475e-03 1.484474273205662184e-17 2.639810034774490812e-05 6.078387234407836548e-05 9.337378321959702922e-06 2.403927782738436386e+07 7.532807072217262268e+10 4.748885314653553991e+01
1.995262314969160400e+12 4.096101972996161744e-01 8.925493098157170069e-01 -2.057856871990212611e+00 3.288093195689495603e-03 9.772488558557807158e-18 1.949867814435768390e-05 4.489736562828680963e-05 6.695347372650584386e-06 1.909745956909848005e+07 7.533301254043090820e+10 5.305695176674965552e+01
2.238721138568658203e+12 4.022372535554630257e-01 9.107131814788055335e-01 -2.048891927815500225e+00 2.673543414139162647e-03 6.371787386520888337e-18 1.426465511266945735e-05 3.284558221913399660e-05 4.751773676465072531e-06 1.501960654654643498e+07 7.533709039345346069e+10 5.948143228114670222e+01
2.511886431509941895e+12 3.949290656634085184e-01 9.290491108065074277e-01 -2.039837226284760607e+00 2.151688585128340436e-03 4.112145258692822432e-18 1.032924187970844069e-05 2.378395837414645330e-05 3.336035161633067213e-06 1.168773900779180229e+07 7.534042226099220276e+10 6.692521784672179308e+01
2.818382931264864258e+12 3.876858940230280548e-01 9.475598187096702096e-01 -2.030730595398962279e+00 1.713036031177111486e-03 2.625156320890701637e-18 7.398695766700422646e-06 1.703612658000254671e-05 2.315533037779346956e-06 8.993815740402748808e+06 7.534311618425959778e+10 7.558744623795816153e+01
3.162277660168844727e+12 3.805080540310740167e-01 9.662479349370706183e-01 -2.021460078550125328e+00 1.348274922020602229e-03 1.656918597055856962e-18 5.239636664188040257e-06 1.206470927566443102e-05 1.588012141387675731e-06 6.839658515732450411e+06 7.534527034148426819e+10 8.571340088959375692e+01
3.548133892336282715e+12 3.733961024091966285e-01 9.851154860404099933e-01 -2.011980445376543969e+00 1.048410437886958518e-03 1.033334771860550854e-18 3.666410126168001203e-06 8.442221301316859265e-06 1.075338876963145592e-06 5.137006212115678936e+06 7.534697299378788757e+10 9.760788091366472941e+01
3.981071705535571777e+12 3.663504700007244597e-01 1.004164835448846160e+00 -2.002395340471066376e+00 8.048611210187512580e-04 6.362438327452960548e-19 2.532932320363804736e-06 5.832292202432515698e-06 7.184760393694128696e-07 3.807683587332546711e+06 7.534830231641267395e+10 1.116509879302313095e+02
4.466835921510310547e+12 3.593714322461035171e-01 1.023398795142818063e+00 -1.992749667171829664e+00 6.095656061601755025e-04 3.864577683502275706e-19 1.726243441813506979e-06 3.974822415998515617e-06 4.732981739086380502e-07 2.783342261959390715e+06 7.534932665773803711e+10 1.283182388585063052e+02
5.011872336273493164e+12 3.524592303213205380e-01 1.042820322081713158e+00 -1.982980207159378283e+00 4.550722575304883585e-04 2.313949800907690747e-19 1.159722099469481248e-06 2.670358818254185473e-06 3.071686430523212429e-07 2.004882835995926522e+06 7.535010511716400146e+10 1.482089305883614827e+02
5.623413251904365234e+12 3.456143628308802063e-01 1.062431683798662485e+00 -1.972970433196482354e+00 3.346050785888704635e-04 1.364770549869978515e-19 7.674668795947644966e-07 1.767157796321561025e-06 1.962307276879280463e-07 1.421858934516606154e+06 7.535068814106549072e+10 1.720855200186768457e+02
6.309573444802923828e+12 3.388373202875480938e-01 1.082235167939174625e+00 -1.962824348795571439e+00 2.420941556192457238e-04 7.921014083820411799e-20 4.997822011918322990e-07 1.150791046208064094e-06 1.232820066246877254e-07 9.918974546238039620e+05 7.535111810254537964e+10 2.009247492994758773e+02
7.079457843842502930e+12 3.321283908132895979e-01 1.102233665505153670e+00 -1.952598848538802390e+00 1.721917369866672555e-04 4.519282828980581599e-20 3.199407227216931576e-07 7.366907387807121118e-07 7.609496199996851611e-08 6.799881632533399388e+05 7.535143001183674622e+10 2.359833516965624085e+02
7.943282347244088867e+12 3.254877752962297421e-01 1.122430374732394043e+00 -1.942294091980409698e+00 1.202712554588656913e-04 2.532042214967348679e-20 2.011272622862696299e-07 4.631126359350679918e-07 4.609987763207414322e-08 4.576380268794422154e+05 7.535165236197311401e+10 2.788902997895210660e+02
8.912509381338898438e+12 3.189158734004022278e-01 1.142827930725415442e+00 -1.931743109399042924e+00 8.240458448225821189e-05 1.391782092058689559e-20 1.240427095225254907e-07 2.856188938411577617e-07 2.738158938766858144e-08 3.020326394630513387e+05 7.535180796736053467e+10 3.317776414460299748e+02
1.000000000000163672e+13 3.124132135374860786e-01 1.163428565056144004e+00 -1.921001459352834173e+00 5.531841472350801202e-05 7.496089284322411925e-21 7.496089284323638413e-08 1.726038344183601688e-07 1.592602118118068148e-08 1.952421540872807673e+05 7.535191475784591675e+10 3.974637908374359654e+02
1.122018454302148828e+13 3.059801052685304779e-01 1.184235194605671726e+00 -1.910164244027251490e+00 3.633829955483415438e-05 3.950661504274782504e-21 4.432715114497393299e-08 1.020670374413109271e-07 9.059249384688933529e-09 1.234609205864091637e+05 7.535198653907940674e+10 4.796994953833280420e+02
1.258925411794377344e+13 2.996167370242770467e-01 1.205251164332426628e+00 -1.899279923609976217e+00 2.332603748584944644e-05 2.034520285910072360e-21 2.561309288743352238e-08 5.897632586807625581e-08 5.033165301954271327e-09 7.626894685773772653e+04 7.535203373105314636e+10 5.835162236433993712e+02
1.412537544622992383e+13 2.933233886374128629e-01 1.226479563125149053e+00 -1.888173228701513384e+00 1.461045914436784793e-05 1.022457249923367041e-21 1.444259253288730139e-08 3.325529827041342019e-08 2.727374698492038691e-09 4.596365868419229082e+04 7.535206403634130859e+10 7.157341361496170293e+02
1.584893192461383203e+13 2.871005817545231320e-01 1.247922665543959919e+00 -1.876812091197130439e+00 8.915820262688062926e-06 5.006772888638704331e-22 7.935200267403697835e-09 1.827147384564611992e-08 1.439205395590555565e-09 2.698048571449342853e+04 7.535208301951428223e+10 8.857117520864236440e+02
1.778279410039228125e+13 2.809486632209819978e-01 1.269583319502585184e+00 -1.865338096154864012e+00 5.291853122966709482e-06 2.384615831493936774e-22 4.240513233999241645e-09 9.764142559250626044e-09 7.383149854681398527e-10 1.540005866849251106e+04 7.535209459994132996e+10 1.106418525626819928e+03
1.995262314969225781e+13 2.748678194078579828e-01 1.291464953566723750e+00 -1.853819009838089338e+00 3.049432897075358599e-06 1.102596094586147455e-22 2.199968436159983871e-09 5.065614526159402444e-09 3.675710583328907535e-10 8.532407809490121508e+03 7.535210146759219360e+10 1.396002610518578422e+03
2.238721138568731641e+13 2.688582189812030454e-01 1.313571105313301901e+00 -1.842133765290808078e+00 1.702754937214762808e-06 4.940315729983325738e-23 1.105998925591728588e-09 2.546656638934945298e-09 1.772642792055328871e-10 4.580286855373486105e+03 7.535210541971315002e+10 1.780162262826646156e+03
2.511886431510023828e+13 2.629203183265788057e-01 1.335904264851990098e+00 -1.830139079012669479e+00 9.194207313799083206e-07 2.140881815451610826e-23 5.377651983699447691e-10 1.238250129297620779e-09 8.264160999971911775e-11 2.377387418158923538e+03 7.535210762261257935e+10 2.295798371761937233e+03
2.818382931264956250e+13 2.570545127706160282e-01 1.358467104631553513e+00 -1.818001864463410611e+00 4.790108125137373740e-07 8.951715592944042820e-24 2.522936243269184640e-10 5.809275384326024238e-10 3.716216830646372380e-11 1.190482428854318869e+03 7.535210880951757812e+10 2.996629045492762998e+03
3.162277660168948438e+13 2.512609821059013648e-01 1.381263110689866069e+00 -1.805796945060486935e+00 2.402167188305651667e-07 3.602679064990380746e-24 1.139267152397743641e-10 2.623259562048820189e-10 1.608083094052670191e-11 5.737764864519790535e+02 7.535210942622351074e+10 3.961842178631829029e+03
3.548133892336399219e+13 2.455398165774482222e-01 1.404296159246712472e+00 -1.793498771606782061e+00 1.156543093473068485e-07 1.391982435991748237e-24 4.938940058679304037e-11 1.137232975430610352e-10 6.679599596828164333e-12 2.655132371144933359e+02 7.535210973448675537e+10 5.309861460479048219e+03
3.981071705535702344e+13 2.398913531113788800e-01 1.427569153506883737e+00 -1.780871468003955904e+00 5.331174589206463595e-08 5.150110748896404891e-25 2.050296018280676322e-11 4.720981047918133239e-11 2.656271896272121784e-12 1.176504553437031007e+02 7.535210988234954834e+10 7.220642183321172524e+03
4.466835921510457031e+13 2.343160205648348593e-01 1.451084559515563921e+00 -1.768032062653551950e+00 2.345871656465242918e-08 1.819063336709589201e-25 8.125457455917065396e-12 1.870955721175196065e-11 1.008287703998796688e-12 4.977091460585829452e+01 7.535210995022908020e+10 9.972525978501640566e+03
5.011872336273657812e+13 2.288139948316642858e-01 1.474845855124762295e+00 -1.755105281829399733e+00 9.822228443532237802e-09 6.113456445340867992e-26 3.063986323741778773e-12 7.055089234185448860e-12 3.641715428503641766e-13 2.003798240791720886e+01 7.535210997996202087e+10 1.400333025369550342e+04
5.623413251904549219e+13 2.233853214125617326e-01 1.498857099910557933e+00 -1.742152188283388803e+00 3.899653405346598231e-09 1.948041817657271021e-26 1.095464417267812285e-12 2.522400037106274001e-12 1.247343110680721350e-13 7.652056318411236013e+00 7.535210999234794617e+10 2.001419018872909874e+04
6.309573444803129688e+13 2.180301832275786666e-01 1.523121770604701553e+00 -1.728892908765656378e+00 1.462610338650391803e-09 5.864823517963459802e-27 3.700453472739911675e-13 8.520609003648969351e-13 4.037278763129323399e-14 2.761896662019919901e+00 7.535210999723809814e+10 2.914990123066888555e+04
7.079457843842734375e+13 2.127489982269092916e-01 1.547642220226417287e+00 -1.715328633315655882e+00 5.161637670201844617e-10 1.661589454506609990e-27 1.176315249695318911e-13 2.708565958610010434e-13 1.229985022564590475e-14 9.384819914144015840e-01 7.535210999906152344e+10 4.332115819067708799e+04
7.943282347244348438e+13 2.075419545121355291e-01 1.572421769329181984e+00 -1.701658795623577580e+00 1.706546541215360560e-10 4.410127491453839815e-28 3.503088785196228790e-14 8.066160016227457887e-14 3.511895325064051744e-15 2.989230622158587369e-01 7.535210999970108032e+10 6.578892838344548363e+04
8.912509381339190625e+13 2.024090694912933086e-01 1.597464532833161588e+00 -1.687989943553969363e+00 5.261008322241723049e-11 1.091315491516388149e-28 9.726359556140599610e-15 2.239577052306952933e-14 9.354610579304597281e-16 8.884296732619603731e-02 7.535210999991116333e+10 1.022487707695372083e+05
1.000000000000196406e+14 1.973503676781534211e-01 1.622774613798485310e+00 -1.674094231055347493e+00 1.504602270458930516e-11 2.505408465592933492e-29 2.505408465593425448e-15 5.768916184736507609e-15 2.313438902353117037e-16 2.452004814205798952e-02 7.535210999997547913e+10 1.628973384693414846e+05
1.122018454302185625e+14 1.923661912984601374e-01 1.648354477093231685e+00 -1.659798262454539541e+00 3.970213913797093255e-12 5.307967452490433545e-30 5.955637436529625894e-16 1.371336198063039027e-15 5.283758066532379957e-17 6.251096377015648124e-03 7.535210999999374390e+10 2.664929301658152835e+05
1.258925411794418438e+14 1.874567571674470301e-01 1.674207088610782490e+00 -1.645370286367836554e+00 9.609052259270536466e-13 1.031443207956574139e-30 1.298510065319286038e-16 2.989929919506913091e-16 1.107935091498071989e-17 1.463410385029428320e-03 7.535210999999853516e+10 4.485682810289365589e+05
1.412537544623038438e+14 1.826220518640225277e-01 1.700336552154388059e+00 -1.630922551206846816e+00 2.119422202083331747e-13 1.826373780930712311e-31 2.579821536079763521e-17 5.940258611562265182e-17 2.119461463322911082e-18 3.126147384014597267e-04 7.535210999999969482e+10 7.784991782794268802e+05
1.584893192461435000e+14 1.778619711659664704e-01 1.726747472389234872e+00 -1.616369095321690708e+00 4.230306025749256607e-14 2.926416974548068661e-32 4.638058341264822624e-18 1.067952399703307247e-17 3.674087105065255440e-19 6.052901835734463205e-05 7.535210999999993896e+10 1.396208198654648615e+06
1.778279410039286562e+14 1.731767140392159454e-01 1.753442737393471562e+00 -1.601365176112135469e+00 7.583681196596373622e-15 4.212389995261344930e-33 7.490806395628737716e-19 1.724821914107919171e-18 5.730006272800205299e-20 1.054621791367256703e-05 7.535210999999998474e+10 2.593870565093453508e+06
1.995262314969290938e+14 1.685665224189728251e-01 1.780424815295507113e+00 -1.586144212245929497e+00 1.211207402622343932e-15 5.402164416935862987e-34 1.077873508038017973e-19 2.481895471741538132e-19 7.974776195950431800e-21 1.640171547951242354e-06 7.535211000000000000e+10 5.005266032174604945e+06
2.238721138568804688e+14 1.640313481165986964e-01 1.807697722371777616e+00 -1.570877599994933371e+00 1.708120130035042939e-16 6.116908789934577127e-35 1.369405301072386489e-20 3.153172232516300761e-20 9.817444584675411094e-22 2.256865885744821919e-07 7.535211000000000000e+10 1.006160307152210362e+07
2.511886431510106250e+14 1.595709988396143142e-01 1.835266322009207807e+00 -1.555635171569597297e+00 2.106437791845997044e-17 6.055774708155715131e-36 1.521141832169841473e-21 3.502558507083927488e-21 1.058874376613716676e-22 2.721468233863620234e-08 7.535211000000000000e+10 2.113741400054950640e+07
2.818382931265048750e+14 1.551854799222968651e-01 1.863134232811462176e+00 -1.539957622931707126e+00 2.247764276206484102e-18 5.188721886958109861e-37 1.462380520128411270e-22 3.367255585932559122e-22 9.905336019442487261e-24 2.847055447700466938e-09 7.535211000000000000e+10 4.656328327701234072e+07
3.162277660169051875e+14 1.508750172012851554e-01 1.891303485554272967e+00 -1.523921678387705647e+00 2.052244473398689574e-19 3.804369264280447460e-38 1.203047193546783045e-23 2.770118534029145353e-23 7.946674211038415042e-25 2.555044316461583670e-10 7.535211000000000000e+10 1.079621514340903163e+08
3.548133892336515000e+14 1.466395441053930937e-01 1.919777784393101427e+00 -1.507821944126098046e+00 1.583431812390638400e-20 2.357024964678449468e-39 8.363040162258884561e-25 1.925661160972781482e-24 5.399625857223881562e-26 1.942607366563516551e-11 7.535211000000000000e+10 2.645729525098340809e+08
3.981071705535832500e+14 1.424788078502051691e-01 1.948562007173543220e+00 -1.491831202919633892e+00 1.018475287819599436e-21 1.217151432594024024e-40 4.845567129652472968e-26 1.115733063983973157e-25 3.065396887959560349e-27 1.234361256636873868e-12 7.535211000000000000e+10 6.883950877252854109e+08
4.466835921510603125e+14 1.383926012555722063e-01 1.977660696363597426e+00 -1.475514748585339930e+00 5.380856394522809859e-23 5.163198195803428472e-42 2.306315917089349249e-27 5.310488650424827827e-27 1.433020117390192710e-28 6.460521998629992626e-14 7.535211000000000000e+10 1.910949620218688965e+09
5.011872336273821875e+14 1.343810666088434691e-01 2.007075734262788735e+00 -1.458672034742388490e+00 2.298337567942928702e-24 1.771140612545085506e-43 8.876730639665785141e-29 2.043942764541793975e-28 5.429938567044675393e-30 2.741521275436709642e-15 7.535211000000000000e+10 5.689424797208071709e+09
5.623413251904733125e+14 1.304441426456159625e-01 2.036810169552630168e+00 -1.441743193259509059e+00 7.799710438834398360e-26 4.826826407835976842e-45 2.714323958646855308e-30 6.249961884736836310e-30 1.638326085717918137e-31 9.266092958688581183e-17 7.535211000000000000e+10 1.827538569137088013e+10
6.309573444803336250e+14 1.265815199434266458e-01 2.066868751937859905e+00 -1.424922392729860210e+00 2.063045301105228314e-27 1.025073223432055708e-46 6.467774789545856149e-32 1.489260181525099024e-31 3.860410999558840545e-33 2.446484247126237140e-18 7.535211000000000000e+10 6.374637382188284302e+10
7.079457843842966250e+14 1.227928027155961582e-01 2.097256874794565906e+00 -1.407977629636258499e+00 4.164421538284044299e-29 1.661299817709467128e-48 1.176110202545817745e-33 2.708093820100207902e-33 6.955820024360396153e-35 4.940553359637944465e-20 7.535211000000000000e+10 2.431553826455450439e+11
7.943282347244608750e+14 1.190779689645815459e-01 2.127976799038284739e+00 -1.390383450987997982e+00 6.271808013939238979e-31 2.009367398839140104e-50 1.596097258832775928e-35 3.675149755157009214e-35 9.370673023098055237e-37 7.461247006114712881e-22 7.535211000000000000e+10 1.021903151877147705e+12
8.912509381339482500e+14 1.154369751501784225e-01 2.159030567647602705e+00 -1.372605152139047435e+00 6.875560718570151621e-33 1.769070847985668144e-52 1.576686052892646143e-37 3.630453801722228687e-37 9.203729016251454532e-39 8.216782879406694264e-24 7.535211000000000000e+10 4.771761464005192383e+12
1.000000000000229000e+15 1.118694479182041762e-01 2.190422731165383219e+00 -1.354895042481941481e+00 5.338503584868511909e-35 1.102953789833722857e-54 1.102953789833975375e-39 2.539644954732999568e-39 6.410338807759592842e-41 6.417836394615167976e-26 7.535211000000000000e+10 2.498655249055048828e+13
1.122018454302222250e+15 1.083748539243462872e-01 2.222159191754576657e+00 -1.337307993258743277e+00 2.848445478551020172e-37 4.724587402056477143e-57 5.301074254071160527e-42 1.220617455427878597e-41 3.071098454142477795e-43 3.448512501540386842e-28 7.535211000000000000e+10 1.482183884192922500e+14
1.258925411794459750e+15 1.049529408150840781e-01 2.254243212001989516e+00 -1.319054692543497387e+00 1.010830826526892926e-39 1.346406589326823613e-59 1.695025469911045361e-44 3.902940379262400732e-44 9.797464624638574079e-46 1.234044789622090793e-30 7.535211000000000000e+10 1.006843796659835500e+15
1.412537544623084750e+15 1.016036549452620924e-01 2.286675770614109648e+00 -1.300389698708102948e+00 2.302835921800885333e-42 2.463522411407983010e-62 3.479817898134173241e-47 8.012576818577620452e-47 2.008223443617037334e-48 2.837567182706110947e-33 7.535211000000000000e+10 7.926156731163957000e+15
1.584893192461487000e+15 9.832657978239370267e-02 2.319460893848065641e+00 -1.281771881971532467e+00 3.237896684962932053e-45 2.781557079690824900e-65 4.408470880045042518e-50 1.015087933129005684e-49 2.541519139818198739e-51 4.028771464338027724e-36 7.535211000000000000e+10 7.327720095472992000e+16
1.778279410039344750e+15 9.512109303072566191e-02 2.352604535594084556e+00 -1.263491169090874333e+00 2.689765760834617054e-48 1.854964594462839304e-68 3.298645344685250309e-53 7.595411597746464072e-53 1.900454096258823275e-54 3.379885909377643245e-39 7.535211000000000000e+10 8.073233964569525760e+17
1.995262314969356250e+15 9.198668074053792387e-02 2.386111486973315099e+00 -1.244682004234275885e+00 1.258522794493852490e-51 6.968849069720953557e-72 1.390468192752347550e-56 3.201671332913927182e-56 8.007789889866972853e-58 1.597852077143080960e-42 7.535211000000000000e+10 1.076867929963455488e+19
2.238721138568878000e+15 8.892321593735012797e-02 2.419982023903272328e+00 -1.225150778375473148e+00 3.150313157889016978e-55 1.401068467865077407e-75 3.136601595591859499e-60 7.222292076671154574e-60 1.805984563020272089e-61 4.043208243471403794e-46 7.535211000000000000e+10 1.769139131489626685e+20
2.511886431510188500e+15 8.593027545383608023e-02 2.454219062101383297e+00 -1.205645484389401556e+00 3.984323132001206025e-59 1.423006789732002348e-79 3.574431447074688243e-64 8.230432565963312435e-64 2.057830383418995593e-65 5.169104336655873785e-50 7.535211000000000000e+10 3.649192791218086478e+21
2.818382931265141000e+15 8.300716880956326982e-02 2.488828303715759027e+00 -1.186545872619197750e+00 2.388796760070222965e-63 6.849043792940581530e-84 1.930322812151119587e-68 4.444732531925514075e-68 1.111236148780106526e-69 3.131907226380272939e-54 7.535211000000000000e+10 9.654531705598376306e+22
3.162277660169155500e+15 8.015313959996551996e-02 2.523816229140853018e+00 -1.167256320998907526e+00 6.326586853418081205e-68 1.456181040986454241e-88 4.604848775073329738e-73 1.060305614497574190e-72 2.650815837031339198e-74 8.382635690405946540e-59 7.535211000000000000e+10 3.353823070139245283e+24
3.548133892336631000e+15 7.736789954521409995e-02 2.559183318970576160e+00 -1.146940359206079396e+00 6.859864007852487989e-73 1.268087060413763065e-93 4.499342677487601441e-78 1.036011937745486812e-77 2.590048897144042795e-79 9.189848523446606794e-64 7.535211000000000000e+10 1.568787110036310790e+26
3.981071705535962500e+15 7.465105687036883986e-02 2.594930597423092955e+00 -1.126553483750651452e+00 2.800184539946058450e-78 4.156924342103258009e-99 1.654901388040097629e-83 3.810551266476283548e-83 9.526402170809337907e-85 3.792530179835527364e-69 7.535211000000000000e+10 1.016304143056005369e+28
4.466835921510749500e+15 7.200185268105943615e-02 2.631063428615754596e+00 -1.106504906050493453e+00 3.916522246901269915e-84 4.667764637255228930e-105 2.085013875484924834e-89 4.800921868377331647e-89 1.200231399689024484e-90 5.361237238554190728e-75 7.535211000000000000e+10 9.409755490324116962e+29
5.011872336273986000e+15 6.941935486633513119e-02 2.667589561787657715e+00 -1.086750008216966545e+00 1.689628841817410305e-90 1.616245028119168471e-111 8.100413745070831029e-96 1.865189193648416769e-95 4.662973981703244250e-97 2.337023091372621497e-81 7.535211000000000000e+10 1.289572220856280937e+32
5.623413251904917000e+15 6.690303323701564386e-02 2.704510973010070263e+00 -1.065839906467772158e+00 2.005979131290100121e-97 1.540859344983593912e-118 8.664888859902272312e-103 1.995164392126114725e-102 4.987911239622338233e-104 2.804908634214393519e-88 7.535211000000000000e+10 2.716608745557999499e+34
6.309573444803543000e+15 6.445252518226274319e-02 2.741826369879406311e+00 -1.044473886674689211e+00 5.786565594174368955e-105 3.569674917749063173e-126 2.252312606761076116e-110 5.186141433090614578e-110 1.296535372498398836e-111 8.180585167516549751e-96 7.535211000000000000e+10 9.170757508388961470e+36
7.079457843843198000e+15 6.206702701740565709e-02 2.779540396958307014e+00 -1.023405597165395031e+00 3.523934052377494772e-113 1.745378014304984801e-134 1.235633007384288965e-118 2.845150143214465405e-118 7.112875372097834221e-120 5.035530135742396181e-104 7.535211000000000000e+10 5.199779572801161100e+39
7.943282347244868000e+15 5.974550757773538362e-02 2.817661277980707979e+00 -1.003141979189907662e+00 3.868662109415340506e-122 1.537631100210846173e-143 1.221383797487951926e-127 2.812340124920216617e-127 7.030850314407500220e-129 5.584802919059625722e-113 7.535211000000000000e+10 5.219922430824123971e+42
8.912509381339774000e+15 5.748714636792887078e-02 2.856193897595264986e+00 -9.818513151542859196e-01 6.435449588421984978e-132 2.053412584873862710e-153 1.830105892644945652e-137 4.213974547004813721e-137 1.053493636790862769e-138 9.389271921123452883e-123 7.535211000000000000e+10 9.827793616876523485e+45
