# [1] m:            [M_sun/h] 
# [2] sigma 
# [3] ln(1/sigma) 
# [4] n_eff 
# [5] f(sigma) 
# [6] dn/dm:        [h^4/(Mpc^3*M_sun)] 
# [7] dn/dlnm:      [h^3/Mpc^3] 
# [8] dn/dlog10m:   [h^3/Mpc^3] 
# [9] n(>m):        [h^3/Mpc^3] 
# [11] rho(>m):     [M_sun*h^2/Mpc^3] 
# [11] rho(<m):     [M_sun*h^2/Mpc^3] 
# [12] Lbox(N=1):   [Mpc/h]
1.000000000000000000e+08 5.690681532110204444e+00 -1.738830018137794697e+00 -2.515308955417428827e+00 2.050248732204044133e-01 1.248003246338828135e-07 1.248003246338828198e+01 2.873633671027961967e+01 1.390139299291099917e+01 4.294643113107289124e+10 3.240567886892710876e+10 4.158919934845564659e-01
1.122018454301965237e+08 5.637834146005258340e+00 -1.729499975090950992e+00 -2.512209409961047690e+00 2.060208508848439812e-01 1.002510112451040072e-07 1.124834846794405330e+01 2.590027950309039184e+01 1.253547758757675545e+01 4.280193881036207581e+10 3.255017118963792419e+10 4.304800588599980715e-01
1.258925411794171333e+08 5.585144663969794365e+00 -1.720110334418436526e+00 -2.509084975125782435e+00 2.070271602923374477e-01 8.053373047049122516e-08 1.013859597958839664e+01 2.334497996648960694e+01 1.130434610083726099e+01 4.265581336013285828e+10 3.269629663986714172e+10 4.455723006774786610e-01
1.412537544622761309e+08 5.532614342720520106e+00 -1.710660460189149745e+00 -2.505939683933880779e+00 2.080439151510207196e-01 6.469625732389489545e-08 9.138589246657684129e+00 2.104237937034967132e+01 1.019466211741628392e+01 4.250803151161672211e+10 3.284407848838327789e+10 4.611855816181832379e-01
1.584893192461123765e+08 5.480244567477182471e+00 -1.701149729065751126e+00 -2.502757449549420254e+00 2.090712264875879411e-01 5.197646269124587009e-08 8.237714188756516620e+00 1.896803789137629437e+01 9.194401685873138774e+00 4.235856784907372284e+10 3.299354215092627716e+10 4.773374501852740703e-01
1.778279410038937330e+08 5.428037168378090804e+00 -1.691577589476461085e+00 -2.499532053912321139e+00 2.101091960109487400e-01 4.176048131021319997e-08 7.426180406726799355e+00 1.709941230241359023e+01 8.292715431028394590e+00 4.220739323169988251e+10 3.314471676830011749e+10 4.940464076933769877e-01
1.995262314968899190e+08 5.375993736155759706e+00 -1.681943438070571339e+00 -2.496277116387023653e+00 2.111579292433742039e-01 3.355391829855581146e-08 6.694886870065377416e+00 1.541554670629410317e+01 7.479841455810705142e+00 4.205447925112773132e+10 3.329763074887226868e+10 5.113314859156905534e-01
2.238721138568365276e+08 5.324115495617269822e+00 -1.672246593689240557e+00 -2.492999655137310366e+00 2.122175382736077587e-01 2.696085710660969070e-08 6.035784071848825150e+00 1.389790642837000867e+01 6.747005127444105632e+00 4.189980026035086060e+10 3.345230973964913940e+10 5.292119633397729395e-01
2.511886431509613097e+08 5.272403626732088178e+00 -1.662486354727132021e+00 -2.489688727749427066e+00 2.132881353958801796e-01 2.166436812207864617e-08 5.441843233307874783e+00 1.253030710742523191e+01 6.086299789049227194e+00 4.174332964707879639e+10 3.360878035292120361e+10 5.477077504693623755e-01
2.818382931264495254e+08 5.220859831705381815e+00 -1.652662107047415008e+00 -2.486328700834914418e+00 2.143698210136148197e-01 1.740977319879171632e-08 4.906740762066064576e+00 1.129818813391956489e+01 5.490587408015609405e+00 4.158503632458718872e+10 3.376707367541281128e+10 5.668398791276311188e-01
3.162277660168430805e+08 5.169485806170619036e+00 -1.642773226353757332e+00 -2.482932715939502710e+00 2.154626940189325879e-01 1.399146895306144089e-08 4.424490970320637651e+00 1.018776695234706153e+01 4.953438530858946365e+00 4.142488840350903320e+10 3.392722159649096680e+10 5.866301870555901132e-01
3.548133892335818410e+08 5.118282802307166257e+00 -1.632818992621171361e+00 -2.479510783545991526e+00 2.165668610580357700e-01 1.124470083549660445e-08 3.989770414360239492e+00 9.186785880574564800e+00 4.469074710035907394e+00 4.126285716804676056e+10 3.408925283195323944e+10 6.071007858572973204e-01
3.981071705535050631e+08 5.067251883094585629e+00 -1.622798635756487640e+00 -2.476059821077036371e+00 2.176824313505426045e-01 9.037519577850305471e-09 3.597901347959892693e+00 8.284474009875632206e+00 4.032293212774654023e+00 4.109891458949562073e+10 3.425319541050437927e+10 6.282743049764398791e-01
4.466835921509726048e+08 5.016394567527625803e+00 -1.612711462024747577e+00 -2.472557076113361951e+00 2.188095023355991764e-01 7.264166937347884594e-09 3.244784181558882263e+00 7.471391686440368218e+00 3.638396570366755789e+00 4.093302817488407898e+10 3.441908182511592102e+10 6.501745844788402451e-01
5.011872336272837520e+08 4.965712654657337133e+00 -1.602556822878111742e+00 -2.469009371829997690e+00 2.199481626971025172e-01 5.839173262112594319e-09 2.926519093908613200e+00 6.738559239996415151e+00 3.283147797205837826e+00 4.076516247635924530e+10 3.458694752364075470e+10 6.728266556341865323e-01
5.623413251903629303e+08 4.915207483406838662e+00 -1.592333967033021214e+00 -2.465431527157073255e+00 2.210985086065383742e-01 4.693894481590148344e-09 2.639570843081135543e+00 6.077836475180348863e+00 2.962737904326420146e+00 4.059528501431247711e+10 3.475682498568752289e+10 6.962559540600420371e-01
6.309573444802097082e+08 4.864880087644283257e+00 -1.582042067367970706e+00 -2.461827884070392436e+00 2.222606405172884714e-01 3.773357218261550395e-09 2.380827450209539009e+00 5.482057795843508607e+00 2.673740547550825131e+00 4.042336593314008331e+10 3.492874406685991669e+10 7.204882666323109142e-01
7.079457843841576576e+08 4.814731773240522372e+00 -1.571680337206321276e+00 -2.458173732832924507e+00 2.234346497216909422e-01 3.033575067102081025e-09 2.147606680367806664e+00 4.945047127829340639e+00 2.413062924459004943e+00 4.024937168571807861e+10 3.510273831428192139e+10 7.455505890493673293e-01
7.943282347243049145e+08 4.764764386494965365e+00 -1.561248089187932342e+00 -2.454464584827185991e+00 2.246206111508478875e-01 2.439027637519432825e-09 1.937388517754602857e+00 4.461001920319579206e+00 2.177911698255282857e+00 4.007326355951315308e+10 3.527884644048684692e+10 7.714715425721979658e-01
8.912509381337732077e+08 4.714979418169908065e+00 -1.550744550894537666e+00 -2.450720040111832976e+00 2.258186038084159519e-01 1.961090517693222957e-09 1.747823763659331897e+00 4.024512943382726249e+00 1.965773826662726265e+00 3.989500479159339142e+10 3.545710520840660858e+10 7.982804323829497672e-01
1.000000000000032663e+09 4.665377944704233393e+00 -1.540168848103180776e+00 -2.446949531305795844e+00 2.270287123774149818e-01 1.576847588277717120e-09 1.576847588277768608e+00 3.630825750692002973e+00 1.774390359310858978e+00 3.971456287441805267e+10 3.563754712558194733e+10 8.260067765304244247e-01
1.122018454302001953e+09 4.615961081859704329e+00 -1.529520098030677344e+00 -2.443133820886781216e+00 2.282510161795052450e-01 1.267966353384780664e-09 1.422681647931737681e+00 3.275845554603822762e+00 1.601723576678464100e+00 3.953190325150803375e+10 3.582020674849196625e+10 8.546811858562179953e-01
1.258925411794212580e+09 4.566730626781443370e+00 -1.518797549932437985e+00 -2.439254337778561599e+00 2.294855724346076820e-01 1.019683700397909112e-09 1.283705722423284179e+00 2.955841660243006874e+00 1.445931396307293948e+00 3.934698466788231659e+10 3.600512533211768341e+10 8.843362698252102971e-01
1.412537544622807503e+09 4.517688269189695127e+00 -1.508000418142064980e+00 -2.435332209226879652e+00 2.307324347665022091e-01 8.200603840576134125e-10 1.158366081339177844e+00 2.667236471121519514e+00 1.305354443023181377e+00 3.915976577200315857e+10 3.619234422799684143e+10 9.150058051973809503e-01
1.584893192461175680e+09 4.468835176292466294e+00 -1.497127787707616342e+00 -2.431380393011853602e+00 2.319916636008356736e-01 6.595358049480984553e-10 1.045293807446643131e+00 2.406877938825628949e+00 1.178501582774503120e+00 3.897021036909875488e+10 3.638189963090124512e+10 9.467237596618592876e-01
1.778279410038995504e+09 4.420172352391130488e+00 -1.486178689083019533e+00 -2.427390748408852605e+00 2.332633170402699518e-01 5.304555225096825689e-10 9.432981336204454559e-01 2.172024220723543397e+00 1.064029028785774322e+00 3.877828260884504700e+10 3.657382739115495300e+10 9.795249617497682193e-01
1.995262314968964577e+09 4.371701443300289647e+00 -1.475152279624871277e+00 -2.423332789424653466e+00 2.345474290844218324e-01 4.266778543371045168e-10 8.513342433906417872e-01 1.960269537986656596e+00 9.607216848180197832e-01 3.858393966169142151e+10 3.676817033830857849e+10 1.013446441723248048e+00
2.238721138568438530e+09 4.323424332435354067e+00 -1.464047757804655125e+00 -2.419221118261965398e+00 2.358440187184146775e-01 3.432257401060590399e-10 7.683867196762315110e-01 1.769275806381085392e+00 8.674830512088266277e-01 3.838713548459068298e+10 3.696497451540931702e+10 1.048527118329663388e+00
2.511886431509695053e+09 4.275342324505540859e+00 -1.452864175090547993e+00 -2.415074525154821572e+00 2.371531111163219241e-01 2.761045287647068516e-10 6.935432194824454610e-01 1.596942278527376580e+00 7.833275990861153781e-01 3.818782916486467743e+10 3.716428083513532257e+10 1.084806279651445937e+00
2.818382931264587402e+09 4.227456413530305213e+00 -1.441600491513983506e+00 -2.410896422799465810e+00 2.384747304858655936e-01 2.221151562273471790e-10 6.260055650863225463e-01 1.441431082299080346e+00 7.073682650654542492e-01 3.798598310485760498e+10 3.736612689514239502e+10 1.122323722481200825e+00
3.162277660168534756e+09 4.179768027312288581e+00 -1.430255749138408694e+00 -2.406650924442658823e+00 2.398088788634274438e-01 1.786980018050373659e-10 5.650926990248261728e-01 1.301174024934335760e+00 6.388031373846191352e-01 3.778155364710791779e+10 3.757055635289208221e+10 1.161121463646086482e+00
3.548133892335934639e+09 4.132279171314840127e+00 -1.418829112216831945e+00 -2.402338354864660630e+00 2.411555303040656684e-01 1.437794371861081655e-10 5.101486941010159315e-01 1.174660778247378801e+00 5.769072673050765765e-01 3.757449046534944916e+10 3.777761953465055084e+10 1.201244272744164121e+00
3.981071705535181046e+09 4.084991345634761295e+00 -1.407319609738060251e+00 -2.397984547927129118e+00 2.425146601513192834e-01 1.156883969118768324e-10 4.605638036045964778e-01 1.060487348552581199e+00 5.210285641350778096e-01 3.736474721793199921e+10 3.798736278206800079e+10 1.242737744539856415e+00
4.466835921509872437e+09 4.037905617615520804e+00 -1.395726146070060958e+00 -2.393600871580847667e+00 2.438862428530428339e-01 9.308721543041167026e-11 4.158053177178909210e-01 9.574271261648686915e-01 4.705807022671418260e-01 3.715228356651245117e+10 3.819982643348754883e+10 1.285647655445472104e+00
5.011872336273001671e+09 3.991023196570462339e+00 -1.384047638269816805e+00 -2.389156679068101585e+00 2.452702346386293475e-01 7.490638589850275212e-11 3.754212432948960121e-01 8.644393584041184520e-01 4.250340401529173473e-01 3.693705532685864258e+10 3.841505467314135742e+10 1.330021808670559746e+00
5.623413251903812408e+09 3.944346087599915229e+00 -1.372283183296205245e+00 -2.384632628413603683e+00 2.466665523928420756e-01 6.028217263695869280e-11 3.389915684602268775e-01 7.805569321871890232e-01 3.839091328881348297e-01 3.671900897928119659e+10 3.863310102071880341e+10 1.375911557675207009e+00
6.309573444802304268e+09 3.897876036353816076e+00 -1.360431798720729946e+00 -2.380059258682493351e+00 2.480751030230793075e-01 4.851516649881765756e-11 3.061100062111022924e-01 7.048443371179989869e-01 3.467741011555052766e-01 3.649809244656805420e+10 3.885401755343194580e+10 1.423369913768735673e+00
7.079457843841807365e+09 3.851614230861102328e+00 -1.348492341169227116e+00 -2.375451802947419644e+00 2.494957918424026977e-01 3.904571243013976370e-11 2.764224751319445117e-01 6.364862706073327603e-01 3.132408359623721217e-01 3.627426132573936462e+10 3.907784867426063538e+10 1.472449950925144524e+00
7.943282347243309021e+09 3.805561739338951810e+00 -1.336463612306477700e+00 -2.370794442351292552e+00 2.509285085430628115e-01 3.142582753560997044e-11 2.496242211111233678e-01 5.747810103807222681e-01 2.829591539376708487e-01 3.604747068638345337e+10 3.930463931361654663e+10 1.523206381696701861e+00
8.912509381338024139e+09 3.759720431057844259e+00 -1.324344601195386328e+00 -2.366049396966927176e+00 2.523730967048576357e-01 2.529546361012789057e-11 2.254460567305594243e-01 5.191087295020760939e-01 2.556119104406009979e-01 3.581766545451071167e+10 3.953444454548928833e+10 1.575697954553064717e+00
1.000000000000065422e+10 3.714092303551880025e+00 -1.312134315489721148e+00 -2.361242218390431802e+00 2.538293721500268774e-01 2.036208504308246433e-11 2.036208504308379685e-01 4.688543348248177534e-01 2.309128338324287488e-01 3.558478783526395416e+10 3.976732216473604584e+10 1.629986383000348482e+00
1.122018454302038765e+10 3.668678695828129221e+00 -1.299831568855994268e+00 -2.356394020342342799e+00 2.552971465143650254e-01 1.639117920956619190e-11 1.839120556090517167e-01 4.234731576672944864e-01 2.086046465201260303e-01 3.534878807710667419e+10 4.000332192289332581e+10 1.686133695625081863e+00
1.258925411794253731e+10 3.623480653200484181e+00 -1.287435070295455120e+00 -2.351505963623454765e+00 2.567762146886174990e-01 1.319486485574147573e-11 1.661135067208386329e-01 3.824904843203693061e-01 1.884555554704345215e-01 3.510962015503550720e+10 4.024248984496449280e+10 1.744202957270348353e+00
1.412537544622853661e+10 3.578499810941876635e+00 -1.274943665364845824e+00 -2.346529688066294916e+00 2.582663239534133681e-01 1.062277077973291625e-11 1.500506255429533142e-01 3.455043335696358908e-01 1.702556850231844721e-01 3.486722894666615295e+10 4.048488105333384705e+10 1.804261404936425617e+00
1.584893192461227608e+10 3.533738348174664701e+00 -1.262356332722643693e+00 -2.341474016061718011e+00 2.597671721996307470e-01 8.552662807291149210e-12 1.355505706069207450e-01 3.121167232263326041e-01 1.538151586032853180e-01 3.462155156844322205e+10 4.073055843155677795e+10 1.866380926175433386e+00
1.778279410039053726e+10 3.489197807247904848e+00 -1.249671855136944565e+00 -2.336369787180633928e+00 2.612784448453479569e-01 6.886109108202404050e-12 1.224542604239872573e-01 2.819613546258837866e-01 1.389632066569799762e-01 3.437253213313005829e+10 4.097957786686994171e+10 1.930634477543841543e+00
1.995262314969029617e+10 3.444879311398084010e+00 -1.236888870876070134e+00 -2.331230172041784954e+00 2.627998061504483451e-01 5.544289246257756116e-12 1.106231139634614724e-01 2.547191331528478875e-01 1.255461944625117510e-01 3.412012274347021484e+10 4.123198725652978516e+10 1.997095419917251702e+00
2.238721138568511581e+10 3.400784238500385470e+00 -1.224006063407027112e+00 -2.326009928735535581e+00 2.643308738984548323e-01 4.464219684799121970e-12 9.994142975573452881e-02 2.301236463280658950e-01 1.134251249754889557e-01 3.386426920377007675e+10 4.148784079622991943e+10 2.065841089052061541e+00
2.511886431509777451e+10 3.356914815411076614e+00 -1.211022342463274670e+00 -2.320692310577204598e+00 2.658711951075716229e-01 3.594860034687673879e-12 9.029880144308735646e-02 2.079206741180821827e-01 1.024740169643352933e-01 3.360490525585340881e+10 4.174720474414659119e+10 2.136955178005094602e+00
2.818382931264679718e+10 3.313272846262777627e+00 -1.197936476178639298e+00 -2.315317312196553790e+00 2.674202867985753240e-01 2.894861994360234509e-12 8.158829633271715009e-02 1.878639948984952845e-01 9.257940023892090309e-02 3.334196880666123581e+10 4.201014119333876038e+10 2.210523887417061850e+00
3.162277660168637848e+10 3.269859583811653536e+00 -1.184747043256801247e+00 -2.309902960356780888e+00 2.689776382812026356e-01 2.331151547981575811e-12 7.371748462649675704e-02 1.697407811939891931e-01 8.363928083660883417e-02 3.307540876740862656e+10 4.227670123259136963e+10 2.286633543448780781e+00
3.548133892336050415e+10 3.226676217871183638e+00 -1.171452572700039552e+00 -2.304421799754750033e+00 2.705426909919901868e-01 1.877266523047471416e-12 6.660792975372588354e-02 1.533704261261237822e-01 7.556150065360604795e-02 3.280517219555626678e+10 4.254693780444373322e+10 2.365373944172706633e+00
3.981071705535311127e+10 3.183724862646707177e+00 -1.158051851763032047e+00 -2.298830311591643305e+00 2.721147986382290163e-01 1.511887449100600901e-12 6.018932345568359793e-02 1.385910389464539150e-01 6.826246402679163328e-02 3.253119227785361862e+10 4.282091772214637756e+10 2.446842487687728607e+00
4.466835921510018158e+10 3.141007611698453772e+00 -1.144543643889597950e+00 -2.293167586774806033e+00 2.736932567782049408e-01 1.217656304466466901e-12 5.439070920843953882e-02 1.252392362207268572e-01 6.166670714761213895e-02 3.225340128212269592e+10 4.309870871787730408e+10 2.531141437442768094e+00
5.011872336273165894e+10 3.098525865593210860e+00 -1.130926471164175995e+00 -2.287456520659257198e+00 2.752773239724764509e-01 9.806769673307782781e-13 4.915027763385390602e-02 1.131726965962306652e-01 5.570640882718822656e-02 3.197174372551636887e+10 4.338036627448362732e+10 2.618373594720524444e+00
5.623413251903997040e+10 3.056280753626003932e+00 -1.117198736726533914e+00 -2.281693329055042518e+00 2.768662026257577846e-01 7.898125156049324714e-13 4.441442166772409383e-02 1.022679852460532529e-01 5.032039178113115185e-02 3.168616816282380295e+10 4.366594183717619324e+10 2.708644414279901103e+00
6.309573444802510834e+10 3.014274147206050802e+00 -1.103359053999551032e+00 -2.275816282555902070e+00 2.784589961053166030e-01 6.361421560764066632e-13 4.013785655099109950e-02 9.242083015904552223e-02 4.545317139600370260e-02 3.139661037302473068e+10 4.395549962697526550e+10 2.802067565775635760e+00
7.079457843842039490e+10 2.972508370689591395e+00 -1.089406165622431644e+00 -2.269846482924962938e+00 2.800547137163663103e-01 5.123906967511824109e-13 3.627448337226846231e-02 8.352508466904574880e-02 4.105452352530143678e-02 3.110299829014073944e+10 4.424911170985926056e+10 2.898764904339555137e+00
7.943282347243568420e+10 2.930985014302490033e+00 -1.075338548888148171e+00 -2.263819168787720937e+00 2.816523106775410956e-01 4.127071482259782298e-13 3.278249405084647516e-02 7.548448211264509322e-02 3.707928435575918308e-02 3.080527157262223053e+10 4.454683842737776947e+10 2.998860189055920333e+00
8.912509381338316345e+10 2.889705265431887327e+00 -1.061154512643966763e+00 -2.257748934562121335e+00 2.832506706246578077e-01 3.324037724356336596e-13 2.962551740224831850e-02 6.821527474265266788e-02 3.348679043437675223e-02 3.050338061503456879e+10 4.484872938496543121e+10 3.102478819321073722e+00
1.000000000000098114e+11 2.848670698884808061e+00 -1.046852464028315444e+00 -2.251571783921739289e+00 2.848485691663583119e-01 2.677369810159161184e-13 2.677369810159423852e-02 6.164871813305387860e-02 3.024019061248410523e-02 3.019726650067830276e+10 4.515484349932170105e+10 3.209754565231329959e+00
1.122018454302075348e+11 2.807883735698303962e+00 -1.032431080640521692e+00 -2.245277647506613405e+00 2.864446490389384037e-01 2.156612379711823216e-13 2.419758888812980138e-02 5.571700746020605277e-02 2.730604747265261839e-02 2.988685592887356186e+10 4.546525407112643433e+10 3.320833129471266520e+00
1.258925411794294891e+11 2.767346222146479739e+00 -1.017888818436767151e+00 -2.238916054641925779e+00 2.880374686214142721e-01 1.737103574128797297e-13 2.186883832389437468e-02 5.035486112569608624e-02 2.465425075800507446e-02 2.957208461670518875e+10 4.578002538329481506e+10 3.435864780542009722e+00
1.412537544622899780e+11 2.727059468707598189e+00 -1.003223910999197388e+00 -2.232509641017603297e+00 2.896254937785930905e-01 1.399116516365754029e-13 1.976304608668627213e-02 4.550609531135812319e-02 2.225772684707872859e-02 2.925290441066770935e+10 4.609920558933229065e+10 3.555001027233908761e+00
1.584893192461279297e+11 2.687024800013591896e+00 -9.884345592199359487e-01 -2.226013176835662133e+00 2.912070687554118020e-01 1.126885128035735779e-13 1.785992568109694839e-02 4.112399863527536892e-02 2.009197449841289979e-02 2.892926387661692047e+10 4.642284612338307953e+10 3.678401467995354945e+00
1.778279410039111938e+11 2.647244553745742746e+00 -9.735193080010645650e-01 -2.219379298806378742e+00 2.927803684387751404e-01 9.076662443895829626e-14 1.614084193585524005e-02 3.716566202987343220e-02 1.813473298178418930e-02 2.860109368403684235e+10 4.675101631596315765e+10 3.806240957430820249e+00
1.995262314969095154e+11 2.607720877937826920e+00 -9.584766130061993517e-01 -2.212663680638319086e+00 2.943434373113547053e-01 7.310697436088925371e-14 1.458675909036941803e-02 3.358725403658001374e-02 1.636591008012286061e-02 2.826832789956015015e+10 4.708378210043984985e+10 3.938703416592542084e+00
2.238721138568584900e+11 2.568455218155713649e+00 -9.433046357549782490e-01 -2.205892214620127412e+00 2.958942008931235157e-01 5.887895250540145676e-14 1.318135555906179909e-02 3.035119281574989725e-02 1.476744890881461977e-02 2.793091980161046982e+10 4.742119019838952637e+10 4.075974963127166006e+00
2.511886431509859619e+11 2.529448775813483152e+00 -9.280014038286490408e-01 -2.199051416742810794e+00 2.974304379597762504e-01 4.741701553018135670e-14 1.191061579329548425e-02 2.742520637402163369e-02 1.332303892907033688e-02 2.758882764983633804e+10 4.776328235016366577e+10 4.218249215088668791e+00
2.818382931264771729e+11 2.490703644202524991e+00 -9.125652585892810587e-01 -2.192064598518325802e+00 2.989497256607138720e-01 3.818730103668839911e-14 1.076264374328721012e-02 2.478190304449876674e-02 1.201786119360733276e-02 2.724199290904349899e+10 4.811011709095649719e+10 4.365737361897084945e+00
3.162277660168741455e+11 2.452222240160199185e+00 -8.969946502474139827e-01 -2.184970324783298778e+00 3.004494518597496944e-01 3.075310741839783667e-14 9.724986456996907030e-03 2.239260884545005853e-02 1.083849839635861803e-02 2.689035156091915512e+10 4.846175843908084106e+10 4.518666548664838523e+00
3.548133892336166992e+11 2.414006172779468606e+00 -8.812876797472438684e-01 -2.177808719088072387e+00 3.019268483441566175e-01 2.476388440222404303e-14 8.786557755342608300e-03 2.023179690618311447e-02 9.772888252567793477e-03 2.653385963339277267e+10 4.881825036660722351e+10 4.677269084532479582e+00
3.981071705535441284e+11 2.376056656941741174e+00 -8.654422467302995692e-01 -2.170594329757698837e+00 3.033789621947861059e-01 1.993869035788825457e-14 7.937735602922125003e-03 1.827731167141658994e-02 8.810160538127805377e-03 2.617248860175772476e+10 4.917962139824227905e+10 4.841783795631406484e+00
4.466835921510164795e+11 2.338375448511502697e+00 -8.494564354916933624e-01 -2.163238674851549970e+00 3.048026073195393426e-01 1.605330452669861862e-14 7.170747731879912462e-03 1.651125683304755301e-02 7.940446325516206313e-03 2.580619769305905914e+10 4.954591230694094086e+10 5.012468947864601176e+00
5.011872336273329468e+11 2.300965101476687646e+00 -8.333286442614155076e-01 -2.155743601142428911e+00 3.061943433462477326e-01 1.292455775867620141e-14 6.477623348927608223e-03 1.491527896127087943e-02 7.154782930658249405e-03 2.543493132019673538e+10 4.991717867980326843e+10 5.189607500390420292e+00
5.623413251904180908e+11 2.263827452615686298e+00 -8.170569439275670032e-01 -2.148169567832399096e+00 3.075505199406857737e-01 1.040432199878373885e-14 5.850780220503867639e-03 1.347191931811662219e-02 6.445102973673564814e-03 2.505865221110705185e+10 5.029345778889294434e+10 5.373493318102180893e+00
6.309573444802717285e+11 2.226963811487526534e+00 -8.006391382498572185e-01 -2.140545856440073447e+00 3.088672540231082175e-01 8.374111598066310639e-15 5.283707216297364034e-03 1.216618547199137777e-02 5.804150353920867547e-03 2.467734818510529709e+10 5.067476181489469910e+10 5.564426991971542336e+00
7.079457843842270508e+11 2.190375606355245530e+00 -7.840730388735472900e-01 -2.132800666107838694e+00 3.101403907135992233e-01 6.739403091058558302e-15 4.771132007580934989e-03 1.098593743736261605e-02 5.225347281187019827e-03 2.429100338075150299e+10 5.106110661924849701e+10 5.762730107121378786e+00
7.943282347243828125e+11 2.154065338432440857e+00 -7.673569118082396168e-01 -2.124885408527028119e+00 3.113654568360074149e-01 5.423498477962878879e-15 4.308037972030630269e-03 9.919624014450029864e-03 4.702708244891705761e-03 2.389958124253107071e+10 5.145252875746893311e+10 5.968758233220564868e+00
8.912509381338607178e+11 2.118035134955484011e+00 -7.504888357835890478e-01 -2.116876485201849789e+00 3.125376980159126905e-01 4.363832027210846765e-15 3.889269388110254324e-03 8.955373715700746043e-03 4.230833301637938401e-03 2.350305817608143997e+10 5.184905182391856384e+10 6.182887749835028757e+00
1.000000000000130859e+12 2.082286418964811592e+00 -7.334665298783736853e-01 -2.108806190309743034e+00 3.136520714027902779e-01 3.510463717357061928e-15 3.510463717357521166e-03 8.083141425083891982e-03 3.804870423118323925e-03 2.310144250981787872e+10 5.225066749018212128e+10 6.405505025493155813e+00
1.122018454302112061e+12 2.046820405326089443e+00 -7.162875672786687131e-01 -2.100643271054758010e+00 3.147032102284779143e-01 2.823431976499667030e-15 3.167942782099313678e-03 7.294457825519964737e-03 3.420430441853229264e-03 2.269475106683171082e+10 5.265735893316828918e+10 6.637019276409083623e+00
1.258925411794336182e+12 2.011639345728184924e+00 -6.989499845438492676e-01 -2.092293200259686792e+00 3.156853713866865085e-01 2.270618718664543328e-15 2.858539605422688330e-03 6.582030683179363774e-03 3.073518229135747612e-03 2.228298101726605225e+10 5.306912898273394775e+10 6.877882237123653653e+00
1.412537544622946045e+12 1.976745653351482890e+00 -6.814518830801697957e-01 -2.083820321445340795e+00 3.165924502072773317e-01 1.825683018994302103e-15 2.578845808910019011e-03 5.938011916726381421e-03 2.760517164138105110e-03 2.186613225573957825e+10 5.348597774426042175e+10 7.128582542946847234e+00
1.584893192461331299e+12 1.942140872727681433e+00 -6.637909072627855567e-01 -2.075271323865893081e+00 3.174179902495065653e-01 1.467540280716048973e-15 2.325894600569657165e-03 5.355570235147033391e-03 2.478177610341270824e-03 2.144424046623389053e+10 5.390786953376611328e+10 7.389627106529953693e+00
1.778279410039170166e+12 1.907826155313661509e+00 -6.459644553077382723e-01 -2.066657218336116486e+00 3.181551481601069820e-01 1.179299992080234939e-15 2.097124894175638170e-03 4.828808519475540247e-03 2.223568141475707437e-03 2.101736602691793823e+10 5.433474397308206177e+10 7.661547862388454533e+00
1.995262314969160400e+12 1.873803367718871238e+00 -6.279702518003179579e-01 -2.057856871990212611e+00 3.187966525686781183e-01 9.474903703514537759e-16 1.890491829758428853e-03 4.353018305628795874e-03 1.994022470848099901e-03 2.058555642324801254e+10 5.476655357675198364e+10 7.944928331942804789e+00
2.238721138568658203e+12 1.840075089202185987e+00 -6.098063801372295423e-01 -2.048891927815500225e+00 3.193347980932413344e-01 7.610624266682651378e-16 1.703806542352604434e-03 3.923159545766835218e-03 1.787118024563209839e-03 2.014884958358107376e+10 5.520326041641893005e+10 8.240411919709277555e+00
2.511886431509941895e+12 1.806643042894907847e+00 -5.914704508095276481e-01 -2.039837226284760607e+00 3.197614605287643075e-01 6.111040337873153629e-16 1.535023930711350596e-03 3.534523220245081206e-03 1.600675955412912601e-03 1.970732005548417282e+10 5.564478994451582336e+10 8.548676043741641806e+00
2.818382931264864258e+12 1.773508420021290721e+00 -5.729597429063648661e-01 -2.030730595398962279e+00 3.200680682418257095e-01 4.904909746019426910e-16 1.382391390757583367e-03 3.183073809041718407e-03 1.432736029680743315e-03 1.926108401020542908e+10 5.609102598979457092e+10 8.870428627436744762e+00
3.162277660168844727e+12 1.740672663395748110e+00 -5.542716266789644575e-01 -2.021460078550125328e+00 3.202455773600585975e-01 3.935553825755004696e-16 1.244531394357708057e-03 2.865639436411152995e-03 1.281518198544422159e-03 1.881025729859989929e+10 5.654185270140010071e+10 9.206440287799793509e+00
3.548133892336282715e+12 1.708138319797901206e+00 -5.354040755756250825e-01 -2.011980445376543969e+00 3.202844667944366175e-01 3.156789215992068131e-16 1.120071080822313946e-03 2.579058973795189409e-03 1.145400738289264119e-03 1.835493744542193604e+10 5.699717255457806396e+10 9.557570578162502883e+00
3.981071705535571777e+12 1.675907360164229143e+00 -5.163547261671889155e-01 -2.002395340471066376e+00 3.201747468589548062e-01 2.530985815688945753e-16 1.007603601795113235e-03 2.320093033140536391e-03 1.022921938115871430e-03 1.789525486332936859e+10 5.745685513667063141e+10 9.924740702941436510e+00
4.466835921510310547e+12 1.643981044524972290e+00 -4.971207664732171239e-01 -1.992749667171829664e+00 3.199059424053627421e-01 2.028167851574398707e-16 9.059493014264915914e-04 2.086025356473009129e-03 9.127689783755332581e-04 1.743139512023134613e+10 5.792071487976865387e+10 1.030891699494226543e+01
5.011872336273493164e+12 1.612360476164128587e+00 -4.776992395343219733e-01 -1.982980207159378283e+00 3.194670832826063123e-01 1.624425091896140384e-16 8.141411180422792899e-04 1.874629201997658236e-03 8.137526144137669859e-04 1.696356173938790894e+10 5.838854826061209106e+10 1.071114423994549192e+01
5.623413251904365234e+12 1.581047935998545872e+00 -4.580878778173727017e-01 -1.972970433196482354e+00 3.188467328525164124e-01 1.300496193167609953e-16 7.313227526709916836e-04 1.683932868467597063e-03 7.247885626521360100e-04 1.649194042323489761e+10 5.886016957676510620e+10 1.113259020598944105e+01
6.309573444802923828e+12 1.550045667928590998e+00 -4.382843936768604509e-01 -1.962824348795571439e+00 3.180329986123679453e-01 1.040563682623629659e-16 6.565512979508391408e-04 1.511765231447494400e-03 6.448961101542590325e-04 1.601673931906051254e+10 5.933537068093948364e+10 1.157453131363601351e+01
7.079457843842502930e+12 1.519354989997400374e+00 -4.182858961108814611e-01 -1.952598848538802390e+00 3.170135178803937248e-01 8.320223565794700285e-17 5.890267198538852488e-04 1.356284144510736195e-03 5.731948757553035224e-04 1.553823056444918442e+10 5.981387943555081177e+10 1.203832046541008260e+01
7.943282347244088867e+12 1.488976821188064958e+00 -3.980891868836411995e-01 -1.942294091980409698e+00 3.157754727172222831e-01 6.647946130775493102e-17 5.280651314601861410e-04 1.215914899830165688e-03 5.088898996467812246e-04 1.505672776982649231e+10 6.029538223017350769e+10 1.252541304405267830e+01
8.912509381338898438e+12 1.458912989804218574e+00 -3.776916308906194675e-01 -1.931743109399042924e+00 3.143056737931587685e-01 5.308503294643041107e-17 4.731208541437455293e-04 1.089401025935998833e-03 4.512570015026273881e-04 1.457253646424482346e+10 6.077957353575517273e+10 1.303743077827972741e+01
1.000000000000163672e+13 1.429165913118649822e+00 -3.570909965598911273e-01 -1.921001459352834173e+00 3.125906203428140961e-01 4.235853849469946375e-17 4.235853849470639482e-04 9.753413929892539979e-04 3.996384410294963004e-04 1.408596869440510178e+10 6.126614130559489441e+10 1.357617980738410779e+01
1.122018454302148828e+13 1.399737007249756804e+00 -3.362843670103632387e-01 -1.910164244027251490e+00 3.106164703610350686e-01 3.376989421855876168e-17 3.789044451305437558e-04 8.724597270267705085e-04 3.534434130290958938e-04 1.359740436756788826e+10 6.175470563243211365e+10 1.414360229541587799e+01
1.258925411794377344e+13 1.370627134193067365e+00 -3.152683972836085036e-01 -1.899279923609976217e+00 3.083690986135209644e-01 2.689626075828819274e-17 3.386038615085691650e-04 7.796642039398517764e-04 3.121403147549305372e-04 1.310729061922644997e+10 6.224481938077355194e+10 1.474178406160904231e+01
1.412537544622992383e+13 1.341837574071573558e+00 -2.940399984908859121e-01 -1.888173228701513384e+00 3.058342383946232590e-01 2.140264253378490237e-17 3.023203613311614625e-04 6.961183573097059303e-04 2.752457507236917328e-04 1.261608252067456245e+10 6.273602747932543945e+10 1.537304124360407087e+01
1.584893192461383203e+13 1.313370713210456175e+00 -2.725968960720751011e-01 -1.876812091197130439e+00 3.029976735486161754e-01 1.701515387869017130e-17 2.696720155101895301e-04 6.209427629114215152e-04 2.423192227181636903e-04 1.212422720241263580e+10 6.322788279758736420e+10 1.603998819243745544e+01
1.778279410039228125e+13 1.285228138289037592e+00 -2.509362421134497256e-01 -1.865338096154864012e+00 2.998451992731448468e-01 1.351162990675267724e-17 2.402745325924854239e-04 5.532525569735689992e-04 2.129643397210390630e-04 1.163223580529660606e+10 6.371987419470339203e+10 1.674548397479368944e+01
1.995262314969225781e+13 1.257410701880661952e+00 -2.290546080493111591e-01 -1.853819009838089338e+00 2.963627220937516960e-01 1.071570980541616296e-17 2.138065195289308407e-04 4.923077046522565626e-04 1.868253331803935405e-04 1.114070564502678299e+10 6.421140435497322083e+10 1.749261528676230171e+01
2.238721138568731641e+13 1.229919175565281186e+00 -2.069484563027333135e-01 -1.842133765290808078e+00 2.925364647553811981e-01 8.487554297089325139e-18 1.900126721964374380e-04 4.375203464794810639e-04 1.635796319021002123e-04 1.065026338035699081e+10 6.470184661964300537e+10 1.828480182896431216e+01
2.511886431510023828e+13 1.202755647124907901e+00 -1.846152967640448950e-01 -1.830139079012669479e+00 2.883533666821039287e-01 6.714341520529443628e-18 1.686566336194229268e-04 3.883462504066416822e-04 1.429329669799472250e-04 1.016152144902155113e+10 6.519058855097844696e+10 1.912592861044944925e+01
2.818382931264956250e+13 1.175921925021287340e+00 -1.620524569844814800e-01 -1.818001864463410611e+00 2.838011126134933892e-01 5.303652399295722272e-18 1.494772339553749490e-04 3.441840506476297906e-04 1.246197094535905141e-04 9.675140416350765228e+09 6.567696958364923096e+10 2.002032339667367111e+01
3.162277660168948438e+13 1.149418831733831636e+00 -1.392564509261692007e-01 -1.805796945060486935e+00 2.788682171370192586e-01 4.182359548751344248e-18 1.322578216781065952e-04 3.045348886278730224e-04 1.084017359717030088e-04 9.191873834198549271e+09 6.616023616580145264e+10 2.097271173504497099e+01
3.548133892336399219e+13 1.123246780097502118e+00 -1.162234023693226315e-01 -1.793498771606782061e+00 2.735443325950810967e-01 3.292301934846188250e-18 1.168152807883246377e-04 2.689771241771100516e-04 9.406393565157849699e-05 8.712526152797065735e+09 6.663958384720293427e+10 2.198833195095345516e+01
3.981071705535702344e+13 1.097407311414998032e+00 -9.295040810915135288e-02 -1.780871468003955904e+00 2.678208614363186135e-01 2.587248033584259344e-18 1.030001994170517970e-04 2.371667237531174951e-04 8.141033945332286728e-05 8.237890006801037788e+09 6.711421999319895935e+10 2.307314585629211123e+01
4.466835921510457031e+13 1.071902387536784351e+00 -6.943500210047094667e-02 -1.768032062653551950e+00 2.616912105214548867e-01 2.029236703068466997e-18 9.064267398513677499e-05 2.087124699072951534e-04 7.026335961181260595e-05 7.768774483981736183e+09 6.758333551601826477e+10 2.423392146575278971e+01
5.011872336273657812e+13 1.046732813107098758e+00 -4.567370649127274612e-02 -1.755105281829399733e+00 2.551507684276370647e-01 1.588084739369657474e-18 7.959277972905148704e-05 1.832691481140726389e-04 6.046381916127844842e-05 7.306073001138129234e+09 6.804603699886186981e+10 2.547816474253994556e+01
5.623413251904549219e+13 1.021898796273480681e+00 -2.166246170547711514e-02 -1.742152188283388803e+00 2.481973414862421179e-01 1.239850699510020887e-18 6.972192854007777251e-05 1.605406733111791953e-04 5.186857362564719118e-05 6.850745970314849854e+09 6.850136402968515015e+10 2.681422391092490543e+01
6.309573444803129688e+13 9.974011738222473555e-01 2.602208988666510590e-03 -1.728892908765656378e+00 2.408318820525209014e-01 9.656956801223883855e-19 6.093127819061319467e-05 1.402994528587791557e-04 4.434757047139826358e-05 6.403741907353370667e+09 6.894836809264663696e+10 2.825162214965530794e+01
7.079457843842734375e+13 9.732418577089276823e-01 2.712265861038212073e-02 -1.715328633315655882e+00 2.330591317284607389e-01 7.502436635412534536e-19 5.311318388650436255e-05 1.222976254585165200e-04 3.778264351346590150e-05 5.965984260874923706e+09 6.938612573912507629e+10 2.980134645962226969e+01
7.943282347244348438e+13 9.494217084232751125e-01 5.190220771314690840e-02 -1.701658795623577580e+00 2.248874291610553355e-01 5.811633083966318950e-19 4.616344248453089355e-05 1.062952545061688503e-04 3.206782151434879266e-05 5.538450735237342834e+09 6.981365926476266479e+10 3.147580509732957665e+01
8.912509381339190625e+13 9.259408056001144915e-01 7.694497121712644272e-02 -1.687989943553969363e+00 2.163291491797713073e-01 4.487416428678993822e-19 3.999414101857714284e-05 9.208991291647743150e-05 2.710819232878265594e-05 5.122179377359967232e+09 7.022993062264002991e+10 3.328892831279275555e+01
1.000000000000196406e+14 9.027992613801752997e-01 1.022550521824504149e-01 -1.674094231055347493e+00 2.074013835087518409e-01 3.453571699449971421e-19 3.453571699450649858e-05 7.952142712741179487e-05 2.281790882768544324e-05 4.718187756342697144e+09 7.063392224365730286e+10 3.525667777738152608e+01
1.122018454302185625e+14 8.799986413098144222e-01 1.278349154771968033e-01 -1.659798262454539541e+00 1.981269591016714959e-01 2.648853369633127404e-19 2.972062363468897455e-05 6.843426493572135367e-05 1.911901652610713045e-05 4.327422918112919807e+09 7.102468708188708496e+10 3.739769343013831815e+01
1.258925411794418438e+14 8.575399372322952685e-01 1.536875269947473865e-01 -1.645370286367836554e+00 1.885340831104029280e-01 2.023739638890337331e-19 2.547737258254705630e-05 5.866381831722807048e-05 1.594156444478340908e-05 3.950828218620586872e+09 7.140128178137940979e+10 3.973345711190394525e+01
1.412537544623038438e+14 8.354230877514740028e-01 1.798169905383527611e-01 -1.630922551206846816e+00 1.786563831209596609e-01 1.539539095170825113e-19 2.174656773343771701e-05 5.007332268679900024e-05 1.322313591968274417e-05 3.589368668841644764e+09 7.176274133115835571e+10 4.228845766888695579e+01
1.584893192461435000e+14 8.136476160922400114e-01 2.062279107731998240e-01 -1.616369095321690708e+00 1.685333464783891899e-01 1.165870371811683608e-19 1.847780015576819468e-05 4.254670718999490725e-05 1.090763517276290614e-05 3.243962581676143646e+09 7.210814741832385254e+10 4.509099292403380588e+01
1.778279410039286562e+14 7.922144324444406749e-01 2.329231757774364586e-01 -1.601365176112135469e+00 1.582113012289755871e-01 8.787918230704683504e-20 1.562737404677101572e-05 3.598335852273698153e-05 8.944383529944617220e-06 2.915411451295850754e+09 7.243669854870414734e+10 4.817442380338152930e+01
1.995262314969290938e+14 7.711246435651808451e-01 2.599052536794720369e-01 -1.586144212245929497e+00 1.477429137329393516e-01 6.589552785877152868e-20 1.314788634616158780e-05 3.027412710505162743e-05 7.287946389249909195e-06 2.604428225054990292e+09 7.274768177494500732e+10 5.157805293825035875e+01
2.238721138568804688e+14 7.503780290106493167e-01 2.871781607557427063e-01 -1.570877599994933371e+00 1.371862152282062319e-01 4.912743261037826874e-20 1.099826218684682548e-05 2.532443456027359604e-05 5.897982347616784538e-06 2.311680295295774460e+09 7.304042970470422363e+10 5.534760640513331964e+01
2.511886431510106250e+14 7.299737091194081762e-01 3.147467603931728974e-01 -1.555635171569597297e+00 1.266044787936424776e-01 3.639738156928347080e-20 9.142608890637916809e-06 2.105163494265769830e-05 4.738580610043507431e-06 2.037746137430893421e+09 7.331436386256910706e+10 5.953658348833081249e+01
2.818382931265048750e+14 7.099117082936491352e-01 3.426146711954270452e-01 -1.539957622931707126e+00 1.160664115508877325e-01 2.679268179184532958e-20 7.551203704495274249e-06 1.738728908413223387e-05 3.777607509373763531e-06 1.783037750057756186e+09 7.356907224994224548e+10 6.420877568386551104e+01
3.162277660169051875e+14 6.901930596459681100e-01 3.707839239382380581e-01 -1.523921678387705647e+00 1.056453660339656819e-01 1.958411820145741571e-20 6.193041948257889298e-06 1.426000607034541924e-05 2.986425130511825380e-06 1.547792406543212652e+09 7.380431759345678711e+10 6.944102501927389426e+01
3.548133892336515000e+14 6.708174586397266381e-01 3.992582227770664627e-01 -1.507821944126098046e+00 9.541693380146774872e-02 1.420333311881489404e-20 5.039532762301282667e-06 1.160395301413004011e-05 2.339826153399941776e-06 1.332126212531604528e+09 7.401998378746839905e+10 7.532494149068342892e+01
3.981071705535832500e+14 6.517837488869923090e-01 4.280424455575080889e-01 -1.491831202919633892e+00 8.545775597818197622e-02 1.021281825480469725e-20 4.065796178798282393e-06 9.361841672453079892e-06 1.815681286235366021e-06 1.136019857610544205e+09 7.421609014238945007e+10 8.196972174967862657e+01
4.466835921510603125e+14 6.330909826211719160e-01 4.571411347475623499e-01 -1.475514748585339930e+00 7.584439924050381809e-02 7.277645724182022177e-21 3.250804934480430494e-06 7.485254982366125440e-06 1.394503869864887666e-06 9.592559355335237980e+08 7.439285406446647644e+10 8.950763703112522762e+01
5.011872336273821875e+14 6.147398107501675923e-01 4.865561726467539372e-01 -1.458672034742388490e+00 6.665210280655751995e-02 5.136331922637556656e-21 2.574263987298730290e-06 5.927461882585470025e-06 1.059185948241099262e-06 8.013982153571572304e+08 7.455071178464283752e+10 9.810156367827551094e+01
5.623413251904733125e+14 5.967299530137578634e-01 5.162906079365952028e-01 -1.441743193259509059e+00 5.795129227132641420e-02 3.586297595238179657e-21 2.016723342233645431e-06 4.643677104520321393e-06 7.949074735634555354e-07 6.618457213552231789e+08 7.469026427864477539e+10 1.079512825845164201e+02
6.309573444803336250e+14 5.790599939275207220e-01 5.463491903218251622e-01 -1.424922392729860210e+00 4.980527618753069485e-02 2.474693841096212034e-21 1.561426254379902684e-06 3.595316817144693163e-06 5.889326255218311244e-07 5.398501441496307850e+08 7.481225985585037231e+10 1.193011954092722249e+02
7.079457843842966250e+14 5.617281229251727126e-01 5.767373131785307194e-01 -1.407977629636258499e+00 4.226841146970799351e-02 1.686200679348832156e-21 1.193738662570942728e-06 2.748684849366502296e-06 4.303325838590518838e-07 4.344898590691037178e+08 7.491762014093089294e+10 1.324540543224895259e+02
7.943282347244608750e+14 5.447342393767237168e-01 6.074572374222497739e-01 -1.390383450987997982e+00 3.538482582292339779e-02 1.133662179457019946e-21 9.004998777819796264e-07 2.073477594823746704e-06 3.097785227542961776e-07 3.446663178354274035e+08 7.500744368216456604e+10 1.477915368196302950e+02
8.912509381339482500e+14 5.280781441030952816e-01 6.385110060315678515e-01 -1.372605152139047435e+00 2.918557928086780440e-02 7.509403174625015329e-22 6.692762624210594043e-07 1.541065544945502543e-06 2.194149442600653381e-07 2.691538700780364275e+08 7.508295612992196655e+10 1.657974825727309565e+02
1.000000000000229000e+15 5.117581291577339986e-01 6.699031695493482541e-01 -1.354895042481941481e+00 2.368668763002758360e-02 4.893753741066366128e-22 4.893753741067486571e-07 1.126828441296583817e-06 1.527175946040134385e-07 2.066462562291510403e+08 7.514546374377084351e+10 1.870841413389206593e+02
1.122018454302222250e+15 4.957717547030197069e-01 7.016396301385418033e-01 -1.337307993258743277e+00 1.888865574471537689e-02 3.132975710620242493e-22 3.515256564196530936e-07 8.094177362768399049e-07 1.043114401646780493e-07 1.557710042631766200e+08 7.519633899573681641e+10 2.124333442959114109e+02
1.258925411794459750e+15 4.801178663221923326e-01 7.337236503859545511e-01 -1.319054692543497387e+00 1.477686060349038197e-02 1.968248490646329699e-22 2.477878041600754615e-07 5.705525040847177616e-07 6.981218415563924263e-08 1.151093871757428497e+08 7.523700061282426453e+10 2.428601495557309420e+02
1.412537544623084750e+15 4.647962186100503823e-01 7.661562089980746837e-01 -1.300389698708102948e+00 1.132177700896008082e-02 1.211178405482091953e-22 1.710834970980177001e-07 3.939343100751856604e-07 4.570001380164175502e-08 8.324113594445285201e+07 7.526886886405554199e+10 2.797013459585414239e+02
1.584893192461487000e+15 4.498049060965120249e-01 7.989413322320303434e-01 -1.281771881971532467e+00 8.479759237562696852e-03 7.284646990392227359e-23 1.154538742455770089e-07 2.658423697662748352e-07 2.920559680560531410e-08 5.879666681428320706e+07 7.529331333318571472e+10 3.247216947204867097e+02
1.778279410039344750e+15 4.351410820265749213e-01 8.320849739780492582e-01 -1.263491169090874333e+00 6.195632688464586084e-03 4.272743539508926919e-23 7.598131860687356273e-08 1.749534515702181992e-07 1.818570127219303390e-08 4.048546974545746297e+07 7.531162453025454712e+10 3.802681767153392229e+02
1.995262314969356250e+15 4.208023952851481231e-01 8.655919253572802452e-01 -1.244682004234275885e+00 4.405870400909834075e-03 2.439673399562057612e-23 4.867788394979350206e-08 1.120849699412886503e-07 1.100974073440539211e-08 2.711659381443349272e+07 7.532499340618556213e+10 4.495116681145317443e+02
2.238721138568878000e+15 4.067882650146005252e-01 8.994624622872372521e-01 -1.225150778375473148e+00 3.041969045257407033e-03 1.352883569323534045e-23 3.028729044667109692e-08 6.973906348968584396e-08 6.464139898631048287e-09 1.762246300901645422e+07 7.533448753699098206e+10 5.368213142918189078e+02
2.511886431510188500e+15 3.930967553931040692e-01 9.336995004853484437e-01 -1.205645484389401556e+00 2.033620585217946891e-03 7.263105437561258577e-24 1.824409599923799653e-08 4.200858348299771982e-08 3.670448724313970607e-09 1.108128534710993990e+07 7.534102871465289307e+10 6.482765011944992466e+02
2.818382931265141000e+15 3.797247077479295463e-01 9.683087420997238404e-01 -1.186545872619197750e+00 1.312372429126610783e-03 3.762771446270604854e-24 1.060493081842092093e-08 2.441875561472915849e-08 2.009765246870805846e-09 6.722730474980147555e+06 7.534538726952502441e+10 7.924129346685758719e+02
3.162277660169155500e+15 3.666686618297160249e-01 1.003296667524818053e+00 -1.167256320998907526e+00 8.148063976463879900e-04 1.875427708205892200e-24 5.930623144921730711e-09 1.365576444566224354e-08 1.057902245361024849e-09 3.922612403321723454e+06 7.534818738759667969e+10 9.814122782088512622e+02
3.548133892336631000e+15 3.539272988731654301e-01 1.038663757354540751e+00 -1.146940359206079396e+00 4.849374065879579181e-04 8.964359201594553274e-25 3.180674670625737585e-09 7.323774082246570648e-09 5.334137821633066448e-10 2.193386156319590285e+06 7.534991661384367371e+10 1.233044042188207413e+03
3.981071705535962500e+15 3.414988266641016956e-01 1.074411035807057990e+00 -1.126553483750651452e+00 2.755569278876511975e-04 4.090692184142389579e-25 1.628533891034637427e-09 3.749837860931946272e-09 2.565734835838449109e-10 1.170533545081111602e+06 7.535093946645492554e+10 1.573727049942504436e+03
4.466835921510749500e+15 3.293797735633024470e-01 1.110543866999719631e+00 -1.106504906050493453e+00 1.488266083773239835e-04 1.773735819363565718e-25 7.922986873203477853e-10 1.824335146622583544e-09 1.172191583949822600e-10 5.935990657233138336e+05 7.535151640093428040e+10 2.043307835297386191e+03
5.011872336273986000e+15 3.175658755347399720e-01 1.147070000171622750e+00 -1.086750008216966545e+00 7.601772641236324531e-05 7.271613109465523440e-26 3.644439658341751663e-10 8.391632429614031500e-10 5.063169865538286537e-11 2.847294455027012154e+05 7.535182527055450439e+10 2.703081669051572590e+03
5.623413251904917000e+15 3.060547071742663605e-01 1.183991411394035298e+00 -1.065839906467772158e+00 3.652152855484429289e-05 2.805340179716890014e-26 1.577558714272128151e-10 3.632463178805855895e-10 2.057145963433327096e-11 1.285178654854125780e+05 7.535198148213452148e+10 3.649597446273970490e+03
6.309573444803543000e+15 2.948446096818460593e-01 1.221306808263371124e+00 -1.044473886674689211e+00 1.640585461803126000e-05 1.012060898319078219e-26 6.385672568558074893e-11 1.470355446510282392e-10 7.814413071042981791e-12 5.425747234422028123e+04 7.535205574252764893e+10 5.039272905700792762e+03
7.079457843843198000e+15 2.839319065204871095e-01 1.259020835342272049e+00 -1.023405597165395031e+00 6.844630644697344716e-06 3.390094044249485875e-27 2.400002787292813093e-11 5.526210641164591404e-11 2.756971794476149609e-12 2.128353932733097827e+04 7.535208871646067810e+10 7.131636936958402657e+03
7.943282347244868000e+15 2.733118805227039982e-01 1.297141716364673014e+00 -1.003141979189907662e+00 2.632260056259296828e-06 1.046213086559457811e-27 8.310365941924307921e-12 1.913532473520033531e-11 8.970360158050013521e-13 7.702963330302561189e+03 7.535210229703666687e+10 1.036883682289310309e+04
8.912509381339774000e+15 2.629807782494719137e-01 1.335674335979230243e+00 -9.818513151542859196e-01 9.254071857060546683e-07 2.952773905152240726e-28 2.631662513064462671e-12 6.059626872373480132e-12 2.671622256156586721e-13 2.552869117168529556e+03 7.535210744713088989e+10 1.552655058006368199e+04
