# [1] m:            [M_sun/h] 
# [2] sigma 
# [3] ln(1/sigma) 
# [4] n_eff 
# [5] f(sigma) 
# [6] dn/dm:        [h^4/(Mpc^3*M_sun)] 
# [7] dn/dlnm:      [h^3/Mpc^3] 
# [8] dn/dlog10m:   [h^3/Mpc^3] 
# [9] n(>m):        [h^3/Mpc^3] 
# [11] rho(>m):     [M_sun*h^2/Mpc^3] 
# [11] rho(<m):     [M_sun*h^2/Mpc^3] 
# [12] Lbox(N=1):   [Mpc/h]
1.000000000000000000e+08 2.450097545028952606e+00 -8.961278380615992356e-01 -2.515308955417428827e+00 3.005319323220739802e-01 1.829362561113400920e-07 1.829362561113400787e+01 4.212262962901125718e+01 1.985882423105976002e+01 2.687096150784503174e+10 4.848114849215496826e+10 3.692740781884656376e-01
1.122018454301965237e+08 2.427344338716788563e+00 -8.867977950147557520e-01 -2.512209409961047690e+00 3.014127579197792839e-01 1.466692990241237902e-07 1.645656601846001266e+01 3.789264359597840581e+01 1.785844240043502751e+01 2.665936432028006744e+10 4.869274567971993256e+10 3.825769561736791502e-01
1.258925411794171333e+08 2.404659117297260895e+00 -8.774081543422410645e-01 -2.509084975125782435e+00 3.022860212385612422e-01 1.175895033533168246e-07 1.480364139317464733e+01 3.408664399395355105e+01 1.605896021068673463e+01 2.644579235097070694e+10 4.890631764902929688e+10 3.963639909680879425e-01
1.412537544622761309e+08 2.382042421844141167e+00 -8.679582801129543945e-01 -2.505939683933880779e+00 3.031510499823147353e-01 9.427210751839443704e-08 1.331628912804458409e+01 3.066188884023414118e+01 1.444024688983204818e+01 2.623023332221408463e+10 4.912187667778591919e+10 4.106531203270497588e-01
1.584893192461123765e+08 2.359494848757611507e+00 -8.584475489895555533e-01 -2.502757449549420254e+00 3.040071379751192460e-01 7.557814592805433544e-08 1.197832889802067236e+01 2.758112155956219880e+01 1.298417162983714590e+01 2.601267281977390289e+10 4.933943718022609711e+10 4.254631170200774970e-01
1.778279410038937330e+08 2.337017185995555746e+00 -8.488754094002657347e-01 -2.499532053912321139e+00 3.048535387874779512e-01 6.059149599631720896e-08 1.077486097537076049e+01 2.481003426097199949e+01 1.167439273432379743e+01 2.579309205755180359e+10 4.955901794244819641e+10 4.408138524191919649e-01
1.995262314968899190e+08 2.314610118440761699e+00 -8.392412579943759887e-01 -2.496277116387023653e+00 3.056894756344680775e-01 4.857539438334475462e-08 9.692065384783971282e+00 2.231680527532717306e+01 1.049622174591632273e+01 2.557147442343928909e+10 4.978063557656071472e+10 4.567259287653867572e-01
2.238721138568365276e+08 2.292274173428452411e+00 -8.295444136130449841e-01 -2.492999655137310366e+00 3.065141417996193884e-01 3.894062689371214979e-08 8.717720457605716788e+00 2.007329317057215690e+01 9.436469284768843835e+00 2.534780845769429016e+10 5.000430154230570984e+10 4.732204343026988336e-01
2.511886431509613097e+08 2.270009858989218809e+00 -8.197841746509364480e-01 -2.489688727749427066e+00 3.073266938168333073e-01 3.121616969566246594e-08 7.841147310223611555e+00 1.805490890849124597e+01 8.483264232792263826e+00 2.512208249156673813e+10 5.023002750843325806e+10 4.903193152793228760e-01
2.818382931264495254e+08 2.247817907999900111e+00 -8.099599269712194349e-01 -2.486328700834914418e+00 3.081262411182847938e-01 2.502408197712144747e-08 7.052744551488257407e+00 1.623954446895184134e+01 7.625902898356190285e+00 2.489427965243627548e+10 5.045783034756372070e+10 5.080458517494548243e-01
3.162277660168430805e+08 2.225699050507922383e+00 -8.000710462775618703e-01 -2.482932715939502710e+00 3.089118530250314909e-01 2.005976310893348234e-08 6.343454074765118023e+00 1.460634279064649910e+01 6.854755716866234749e+00 2.466438323632020569e+10 5.068772676367979431e+10 5.264243939927277793e-01
3.548133892335818410e+08 2.203653825633524299e+00 -7.901168125449760105e-01 -2.479510783545991526e+00 3.096825636735767717e-01 1.607950434090566108e-08 5.705223432392829253e+00 1.313676242762805302e+01 6.161178086409374366e+00 2.443238247754856873e+10 5.091972752245143127e+10 5.454798921629570030e-01
3.981071705535050631e+08 2.181682691037813981e+00 -7.800964556802919558e-01 -2.476059821077036371e+00 3.104373660524862855e-01 1.288842538182460949e-08 5.130974561648173449e+00 1.181450553818274329e+01 5.537396387264107211e+00 2.419826901325362778e+10 5.115384098674636841e+10 5.652381448307477463e-01
4.466835921509726048e+08 2.159786300717204455e+00 -7.700092819485522266e-01 -2.472557076113361951e+00 3.111752006758011779e-01 1.033057787867372650e-08 4.614499635841355030e+00 1.062527807311475669e+01 4.976401796981671843e+00 2.396202959453871536e+10 5.139008040546128845e+10 5.857264739455160241e-01
5.011872336272837520e+08 2.137965429245098026e+00 -7.598546428019161691e-01 -2.469009371829997690e+00 3.118949568930752814e-01 8.280172339451858881e-09 4.149916668767031247e+00 9.555536258670475291e+00 4.471881438687042909e+00 2.372364834052346420e+10 5.162846165947653198e+10 6.069737458325124013e-01
5.623413251903629303e+08 2.116220653088870751e+00 -7.496317869568257519e-01 -2.465431527157073255e+00 3.125954816737900877e-01 6.636364105964062470e-09 3.731901785793588999e+00 8.593021420486177675e+00 4.018167496708128894e+00 2.348311524461612320e+10 5.186899475538388062e+10 6.290096687968362854e-01
6.309573444802097082e+08 2.094552417375842968e+00 -7.393398872917751330e-01 -2.461827884070392436e+00 3.132755748773030646e-01 5.318533452513645234e-09 3.355767743727171126e+00 7.726940782256447982e+00 3.610168441639564740e+00 2.324042571736828232e+10 5.211168428263171387e+10 6.518647718770770316e-01
7.079457843841576576e+08 2.072961284342884181e+00 -7.289781571301258145e-01 -2.458173732832924507e+00 3.139339792029124387e-01 4.262285608845051819e-09 3.017467128623117389e+00 6.947974828967137029e+00 3.243295551358976514e+00 2.299557172919071198e+10 5.235653827080928802e+10 6.755712479320473696e-01
7.943282347243049145e+08 2.051448048905966992e+00 -7.185459091117366581e-01 -2.454464584827185991e+00 3.145693752903708784e-01 3.415730178630764341e-09 2.713210923086309734e+00 6.247399025647151660e+00 2.913411204993620718e+00 2.274853985594483566e+10 5.260357014405516052e+10 7.001633994813157846e-01
8.912509381337732077e+08 2.030013352906148150e+00 -7.080423708183423148e-01 -2.450720040111832976e+00 3.151803916441076048e-01 2.737140638512175749e-09 2.439479161878051805e+00 5.617108352810011418e+00 2.616798520532193084e+00 2.249932139272729492e+10 5.285278860727270508e+10 7.256767988287536886e-01
1.000000000000032663e+09 2.008657659799385264e+00 -6.974666680269854258e-01 -2.446949531305795844e+00 3.157656024591459776e-01 2.193177345211854739e-09 2.193177345211926532e+00 5.049977461377238797e+00 2.350121375177513183e+00 2.224791562896683502e+10 5.310419437103316498e+10 7.521478801135674797e-01
1.122018454302001953e+09 1.987381449971928005e+00 -6.868179179544819934e-01 -2.443133820886781216e+00 3.163235193982537607e-01 1.757221440213932131e-09 1.971634884215173855e+00 4.539857093220900808e+00 2.110375511312560626e+00 2.199432110647020721e+10 5.335778889352979279e+10 7.796148216221489013e-01
1.258925411794212580e+09 1.966185497176590635e+00 -6.760953698562425229e-01 -2.439254337778561599e+00 3.168525826625322450e-01 1.407885517779250305e-09 1.772422855229350835e+00 4.081154444933047465e+00 1.894850222858712963e+00 2.173852929450343704e+10 5.361358070549656677e+10 8.081184787341051390e-01
1.412537544622807503e+09 1.945070528914886188e+00 -6.652982380658694073e-01 -2.435332209226879652e+00 3.173511684551025835e-01 1.127917370385268922e-09 1.593225632901421607e+00 3.668537592094817334e+00 1.701107921933017186e+00 2.148053389143150711e+10 5.387157610856849670e+10 8.377016630867023528e-01
1.584893192461175680e+09 1.924037047723014426e+00 -6.544256076314209913e-01 -2.431380393011853602e+00 3.178175903329264473e-01 9.035328124011805047e-10 1.432003003539931596e+00 3.297308769073746593e+00 1.526961762903803921e+00 2.122033815882546997e+10 5.413177184117453003e+10 8.684082607453851299e-01
1.778279410038995504e+09 1.903085485998451176e+00 -6.434765090068239601e-01 -2.427390748408852605e+00 3.182500921628465540e-01 7.237208193256259010e-10 1.286977831623312474e+00 2.963375970109640711e+00 1.370444644424219982e+00 2.095794834149052429e+10 5.439416165850947571e+10 9.002839353241970377e-01
1.995262314968964577e+09 1.882216552339330606e+00 -6.324500995486758148e-01 -2.423332789424653466e+00 3.186468388080590519e-01 5.796676177805694383e-10 1.156588952965403871e+00 2.663144481819730736e+00 1.229781633125986318e+00 2.069336378409695435e+10 5.465874621590304565e+10 9.333775105641631820e-01
2.238721138568438530e+09 1.861431057641754760e+00 -6.213455777284597747e-01 -2.419221118261965398e+00 3.190059189120034722e-01 4.642519374108544578e-10 1.039330625903031491e+00 2.393147205896491769e+00 1.103374340933081399e+00 2.042658225756098175e+10 5.492552774243901825e+10 9.677407746555194423e-01
2.511886431509695053e+09 1.840729563642456323e+00 -6.101619950143525317e-01 -2.415074525154821572e+00 3.193253487053270834e-01 3.717732165177654273e-10 9.338520981696910583e-01 2.150273920306743136e+00 9.897888127780009038e-01 2.015761142951113129e+10 5.519449857048886871e+10 1.003427085419954734e+00
2.818382931264587402e+09 1.820112498312076887e+00 -5.988983114377879335e-01 -2.410896422799465810e+00 3.196030659354608394e-01 2.976780171901757365e-10 8.389706426614776946e-01 1.931801295251952988e+00 8.877369323890339503e-01 1.988646643747161865e+10 5.546564356252838135e+10 1.040491581221915984e+00
3.162277660168534756e+09 1.799580476384673666e+00 -5.875535690622131213e-01 -2.406650924442658823e+00 3.198369227407645288e-01 2.383323722963418926e-10 7.536731366076921956e-01 1.735396529342937200e+00 7.960569867741620342e-01 1.961315740063641739e+10 5.573895259936358643e+10 1.078992966902197814e+00
3.548133892335934639e+09 1.779134361303544631e+00 -5.761269321406364829e-01 -2.402338354864660630e+00 3.200246847331494338e-01 1.908020479504558065e-10 6.769912130601184463e-01 1.558829875280184796e+00 7.137013266585843230e-01 1.933768883090785217e+10 5.601442116909214783e+10 1.118994190976938086e+00
3.981071705535181046e+09 1.758774798928674610e+00 -5.646174296618646782e-01 -2.397984547927129118e+00 3.201640343460461224e-01 1.527299993296164087e-10 6.080290789175430977e-01 1.400038693222435127e+00 6.397296124460191136e-01 1.906007404238011169e+10 5.629203595761988831e+10 1.160560669529593136e+00
4.466835921509872437e+09 1.738502248800032568e+00 -5.530239659938654961e-01 -2.393600871580847667e+00 3.202525661048564731e-01 1.222349373396523804e-10 5.460034089722676232e-01 1.257219310223474995e+00 5.732981623598716325e-01 1.878033787227100372e+10 5.657177212772899628e+10 1.203759747226520682e+00
5.011872336273001671e+09 1.718317231582082938e+00 -5.413454581936213428e-01 -2.389156679068101585e+00 3.202877819447585983e-01 9.781700673250377657e-11 4.902463500596656587e-01 1.128833937542126797e+00 5.136468311657318431e-01 1.849850377327261353e+10 5.685360622672738647e+10 1.248662671990932838e+00
5.623413251903812408e+09 1.698220610561827382e+00 -5.295810032200098938e-01 -2.384632628413603683e+00 3.202670905148905511e-01 7.826920939652842064e-11 4.401401093364722961e-01 1.013460054586930559e+00 4.600894813625056035e-01 1.821458686614629364e+10 5.713752313385370636e+10 1.295346328551238990e+00
6.309573444802304268e+09 1.678213137321057813e+00 -5.177296186445345949e-01 -2.380059258682493351e+00 3.201878077856816218e-01 6.261799195612382341e-11 3.950928192132031613e-01 9.097348358693131409e-01 4.120096091010997386e-01 1.792860827955999756e+10 5.742350172044000244e+10 1.343891534859254833e+00
7.079457843841807365e+09 1.658295323360332585e+00 -5.057901610930316538e-01 -2.375451802947419644e+00 3.200471528049127490e-01 5.008689325068528673e-11 3.545880492972312559e-01 8.164691564656425538e-01 3.688545092927260072e-01 1.764060333615479279e+10 5.771150666384520721e+10 1.394381571164519551e+00
7.943282347243309021e+09 1.638467628595792425e+00 -4.937614322302822378e-01 -2.370794442351292552e+00 3.198422445914522183e-01 4.005645781538773629e-11 3.181797542580656613e-01 7.326359590471307470e-01 3.301268814049068689e-01 1.735061100479353714e+10 5.800149899520646667e+10 1.446903954397636083e+00
8.912509381338024139e+09 1.618730857833502235e+00 -4.816424211191907556e-01 -2.366049396966927176e+00 3.195701058427314334e-01 3.203064862608209467e-11 2.854734563702985839e-01 6.573269250837356914e-01 2.953778093016353745e-01 1.705866183812179947e+10 5.829344816187820435e+10 1.501553157659749393e+00
1.000000000000065422e+10 1.599085871102857270e+00 -4.694321354135255753e-01 -2.361242218390431802e+00 3.192276623617133491e-01 2.560830826651412149e-11 2.560830826651579462e-01 5.896530887127546805e-01 2.642033089567232262e-01 1.676478775628322983e+10 5.858732224371676636e+10 1.558429818095383501e+00
1.122018454302038765e+10 1.579533244907377787e+00 -4.571293887797986399e-01 -2.356394020342342799e+00 3.188117357904822202e-01 2.046909010461901817e-11 2.296669684015378854e-01 5.288277377945157509e-01 2.362412882940415626e-01 1.646903586386697197e+10 5.888307413613302612e+10 1.617638219153378243e+00
1.258925411794253731e+10 1.560073429302296422e+00 -4.447328902192594913e-01 -2.351505963623454765e+00 3.183190420295353151e-01 1.635734347779135434e-11 2.059267537363853040e-01 4.741638734020567347e-01 2.111664980141273462e-01 1.617146300623375130e+10 5.918064699376625061e+10 1.679287263567153410e+00
1.412537544622853661e+10 1.540707128347078125e+00 -4.322414852886504177e-01 -2.346529688066294916e+00 3.177462003638681365e-01 1.306924186215354342e-11 1.846079481004857803e-01 4.250755093443970289e-01 1.886855134454661076e-01 1.587211998977643013e+10 5.947999001022357178e+10 1.743494094454821397e+00
1.584893192461227608e+10 1.521435280253132127e+00 -4.196541526464481198e-01 -2.341474016061718011e+00 3.170897385121476120e-01 1.043997049427932297e-11 1.654623816587937613e-01 3.809912134588299693e-01 1.685338453753855159e-01 1.557105361556465912e+10 5.978105638443534088e+10 1.810385058580887607e+00
1.778279410039053726e+10 1.502258549071963989e+00 -4.069696750607493252e-01 -2.336369787180633928e+00 3.163460783251774711e-01 8.337440972555229554e-12 1.482629961391094819e-01 3.413881647525472962e-01 1.504743609201011634e-01 1.526832513436243057e+10 6.008378486563757324e+10 1.880092271483221555e+00
1.995262314969029617e+10 1.483177418408031523e+00 -3.941866907998746172e-01 -2.331230172041784954e+00 3.155115352920472849e-01 6.656348944140908677e-12 1.328116220352824617e-01 3.058100610748009651e-01 1.342944052744175221e-01 1.496401142570958138e+10 6.038809857429042053e+10 1.952753207859399653e+00
2.238721138568511581e+10 1.464192481499347886e+00 -3.813038833308317055e-01 -2.326009928735535581e+00 3.145823308182734701e-01 5.312904289297759690e-12 1.189411113964220917e-01 2.738720300455457224e-01 1.198023529964089284e-01 1.465818782737794304e+10 6.069392217262205505e+10 2.028514971373874154e+00
2.511886431509777451e+10 1.445304697108943826e+00 -3.683201623870792085e-01 -2.320692310577204598e+00 3.135546122859157459e-01 4.239590317193133899e-12 1.064936939291766665e-01 2.452107921391927237e-01 1.068252824417905145e-01 1.435092163623798561e+10 6.100118836376201630e+10 2.107537528450892150e+00
2.818382931264679718e+10 1.426514841998069771e+00 -3.552342961024437251e-01 -2.315317312196553790e+00 3.124244326343415534e-01 3.382038165354076587e-12 9.531878638119642422e-02 2.194796166036267759e-01 9.520802222322007069e-02 1.404229181953039169e+10 6.130981818046960449e+10 2.189990102827799490e+00
3.162277660168637848e+10 1.407823455535303969e+00 -3.420448631806058404e-01 -2.309902960356780888e+00 3.111877462208269551e-01 2.696974369137639398e-12 8.528581797571362089e-02 1.963778531146818107e-01 8.481158548026239419e-02 1.373239709376723862e+10 6.161971290623275757e+10 2.276048991802321009e+00
3.548133892336050415e+10 1.389231049989531064e+00 -3.287503926238439234e-01 -2.304421799754750033e+00 3.098404228879942934e-01 2.149949241806440105e-12 7.628307771655624958e-02 1.756482775978487065e-01 7.551093221244917220e-02 1.342134086758428574e+10 6.193076913241571045e+10 2.365901843813705607e+00
3.981071705535311127e+10 1.370738535622427978e+00 -3.153496716868364191e-01 -2.298830311591643305e+00 3.083782882924669955e-01 1.713369746804381024e-12 6.821047820123121719e-02 1.570604302921503326e-01 6.719321451519923161e-02 1.310921775709162331e+10 6.224289224290837860e+10 2.459753160564558172e+00
4.466835921510018158e+10 1.352346813807011161e+00 -3.018414638134025441e-01 -2.293167586774806033e+00 3.067971088014053160e-01 1.364934737967810046e-12 6.096939518071477909e-02 1.403872204719768813e-01 5.975702324609608040e-02 1.279612887848651123e+10 6.255598112151348877e+10 2.557822175505339413e+00
5.011872336273165894e+10 1.334056487551062320e+00 -2.882242910879805331e-01 -2.287456520659257198e+00 3.050925729395621011e-01 1.086893954314338083e-12 5.447373742090581145e-02 1.254304157450496504e-01 5.311158234067044764e-02 1.248219690095525551e+10 6.286991309904474640e+10 2.660338624445314437e+00
5.623413251903997040e+10 1.315868043067516258e+00 -2.744965566503384524e-01 -2.281693329055042518e+00 3.032603101685313329e-01 8.651066334055198986e-13 4.864852106602653853e-02 1.120173594028395225e-01 4.717538796197324330e-02 1.216755661742798805e+10 6.318455338257201385e+10 2.767545947403647677e+00
6.309573444802510834e+10 1.297782286083262626e+00 -2.606568739233554033e-01 -2.275816282555902070e+00 3.012959472429870278e-01 6.883133824979612463e-13 4.342963839911329754e-02 1.000004379719200837e-01 4.187494302760427778e-02 1.185233661462662315e+10 6.349977338537337494e+10 2.879708910963479251e+00
7.079457843842039490e+10 1.279800217339510882e+00 -2.467039855462360987e-01 -2.269846482924962938e+00 2.991951197428437959e-01 5.474101608046960406e-13 3.875367156707637539e-02 8.923362644913726549e-02 3.714409141707786244e-02 1.153666516347760963e+10 6.381544483652239227e+10 2.997115089118301601e+00
7.943282347243568420e+10 1.261922521500911776e+00 -2.326363688119527373e-01 -2.263819168787720937e+00 2.969534304212463338e-01 4.351279885837149823e-13 3.456344470508624506e-02 7.958527254045558164e-02 3.292361894233806346e-02 1.122069166668486404e+10 6.413141833331513977e+10 3.120068611979030848e+00
8.912509381338316345e+10 1.244149709791701364e+00 -2.184523325677712735e-01 -2.257748934562121335e+00 2.945664735461457906e-01 3.456832311248069863e-13 3.080905040371183581e-02 7.094046018888906791e-02 2.916047562410446423e-02 1.090458521482958984e+10 6.444752478517041016e+10 3.248890934063224822e+00
1.000000000000098114e+11 1.226482460238018435e+00 -2.041502839521200929e-01 -2.251571783921739289e+00 2.920298971562826362e-01 2.744869081134417838e-13 2.744869081134687291e-02 6.320294628440994988e-02 2.580689046227200439e-02 1.058851346988106728e+10 6.476359653011893463e+10 3.383930544450030720e+00
1.122018454302075348e+11 1.208921815206563943e+00 -1.897289005643261472e-01 -2.245277647506613405e+00 2.893394641904835085e-01 2.178407146043628174e-13 2.444213018844466900e-02 5.628008461293244197e-02 2.281981468983845796e-02 1.027263787030654716e+10 6.507947212969345093e+10 3.525569622926263413e+00
1.258925411794294891e+11 1.191468569602417205e+00 -1.751866383605717448e-01 -2.238916054641925779e+00 2.864909928717602194e-01 1.727777049475997691e-13 2.175142433500302369e-02 5.008450542516588999e-02 2.016069993888601128e-02 9.957137994900840759e+09 6.539497200509915924e+10 3.674216964448598244e+00
1.412537544622899780e+11 1.174123287646147151e+00 -1.605217309230020373e-01 -2.232509641017603297e+00 2.834803755080541054e-01 1.369430813097157675e-13 1.934372438263200211e-02 4.454057140643390145e-02 1.779507301809602621e-02 9.642218279932252884e+09 6.570989172006774902e+10 3.830305451051138288e+00
1.584893192461279297e+11 1.156886539652122625e+00 -1.457323791437404037e-01 -2.226013176835662133e+00 2.803036416425331301e-01 1.084692093674868274e-13 1.719121115181870829e-02 3.958422652869075797e-02 1.569195306971792048e-02 9.328088278620473862e+09 6.602402172137952423e+10 3.994302938245094303e+00
1.778279410039111938e+11 1.139759332098590372e+00 -1.308171279248689922e-01 -2.219379298806378742e+00 2.769570778404009670e-01 8.586114978985638564e-14 1.526851147935856350e-02 3.515704692457949365e-02 1.382342123338617043e-02 9.014948719075660706e+09 6.633716128092433929e+10 4.166724816620090976e+00
1.995262314969095154e+11 1.122742589811909442e+00 -1.157744329300039454e-01 -2.212663680638319086e+00 2.734371790868833085e-01 6.791442344839231550e-14 1.355070897494306537e-02 3.120166048520453192e-02 1.216445354814157595e-02 8.703012344089794159e+09 6.664909765591020203e+10 4.348129450559074627e+00
2.238721138568584900e+11 1.105836935174015156e+00 -1.006024556787828844e-01 -2.205892214620127412e+00 2.697406353080887831e-01 5.367474592994251007e-14 1.201627883206604110e-02 2.766850451197517061e-02 1.069269942321209033e-02 8.392518435954476357e+09 6.695959156404552460e+10 4.539111807322902870e+00
2.511886431509859619e+11 1.089042885448380016e+00 -8.529922375245367616e-02 -2.199051416742810794e+00 2.658644036221204932e-01 4.238468880974905849e-14 1.064655247249764354e-02 2.451459301495197488e-02 9.388121985038917761e-03 8.083718587225019455e+09 6.726839141277497864e+10 4.740313798761563113e+00
2.818382931264771729e+11 1.072361341892272613e+00 -6.986307851308562467e-02 -2.192064598518325802e+00 2.618058703935150500e-01 3.344261167590432628e-14 9.425408592428472301e-03 2.170280532030379253e-02 8.232687026657529300e-03 7.776856863116144180e+09 6.757525313688385773e+10 4.952442761172051178e+00
3.162277660168741455e+11 1.055793345064235833e+00 -5.429247017121848623e-02 -2.184970324783298778e+00 2.575628617228774009e-01 2.636336430146348303e-14 8.336827797740807219e-03 1.919625540993636498e-02 7.210210508401529959e-03 7.472180098823541641e+09 6.787992990117646027e+10 5.176275128600725139e+00
3.548133892336166992e+11 1.039339587752065697e+00 -3.858549967104827477e-02 -2.177808719088072387e+00 2.531335729757899222e-01 2.076188511844122930e-14 7.366594825753121877e-03 1.696221143190621006e-02 6.306248837355469226e-03 7.169959881542909622e+09 6.818215011845709229e+10 5.412646100213864386e+00
3.981071705535441284e+11 1.023000593017532767e+00 -2.274006665410416295e-02 -2.170594329757698837e+00 2.485166553482863472e-01 1.633302653526142861e-14 6.502294980528883390e-03 1.497208749241581670e-02 5.507891364247422157e-03 6.870487003644470215e+09 6.848162299635552979e+10 5.662456491686650217e+00
4.466835921510164795e+11 1.006777116840257280e+00 -6.754255415497922334e-03 -2.163238674851549970e+00 2.437113872749543941e-01 1.283576000531877173e-14 5.733523387164139208e-03 1.320192548161687636e-02 4.803541039896607433e-03 6.574047531486360550e+09 6.877806246851364136e+10 5.926698457687056276e+00
5.011872336273329468e+11 9.906702588283500255e-01 9.373535814779924633e-03 -2.155743601142428911e+00 2.387177897863249076e-01 1.007635160205414513e-14 5.050138784489861116e-03 1.162837428271742447e-02 4.182783545788252948e-03 6.280920625591936111e+09 6.907118937440806580e+10 6.206472989588430522e+00
5.623413251904180908e+11 9.746808097985524277e-01 2.564523614862855919e-02 -2.148169567832399096e+00 2.335365023394145589e-01 7.900454758709530796e-15 4.442752198619662717e-03 1.022981498440815769e-02 3.636328814110115996e-03 5.991404614263855934e+09 6.936070538573614502e+10 6.502977992088452730e+00
6.309573444802717285e+11 9.588093335756613378e-01 4.206304182633809757e-02 -2.140545856440073447e+00 2.281688598977231475e-01 6.186189928195298117e-15 3.903221969544708094e-03 8.987500721720505237e-03 3.155895921456901374e-03 5.705820181671953201e+09 6.964628981832804871e+10 6.817509879295459818e+00
7.079457843842270508e+11 9.430564450919552977e-01 5.862914120264833134e-02 -2.132800666107838694e+00 2.226170492396676859e-01 4.837506093018426276e-15 3.424692045485407555e-03 7.885644852029987176e-03 2.734067282113140755e-03 5.424486716196026802e+09 6.992762328380397034e+10 7.151496559747388737e+00
7.943282347243828125e+11 9.274232212337897296e-01 7.534526826795596988e-02 -2.124885408527028119e+00 2.168843403074946774e-01 3.777785440634827365e-15 3.000801640226936993e-03 6.909601123818626817e-03 2.364186132716927184e-03 5.147709208859070778e+09 7.020440079114093018e+10 7.506533805807259263e+00
8.912509381338607178e+11 9.119105778732938816e-01 9.221334429260648335e-02 -2.116876485201849789e+00 2.109749525268926895e-01 2.945754258192774309e-15 2.625406246126124957e-03 6.045221285383471990e-03 2.040315572486876058e-03 4.875801698730140686e+09 7.047630830126986694e+10 7.884380077939300513e+00
1.000000000000130859e+12 8.965191276941789633e-01 1.092356501978218042e-01 -2.108806190309743034e+00 2.048940611902672626e-01 2.293219886906738574e-15 2.293219886907038683e-03 5.280333926549638998e-03 1.757176692188549584e-03 4.609098122020763397e+09 7.074301187797923279e+10 8.286952610999723134e+00
1.122018454302112061e+12 8.812493937514372933e-01 1.264146127975266654e-01 -2.100643271054758010e+00 1.986479389822930486e-01 1.782215512136543004e-15 1.999678694160691127e-03 4.604430351952207463e-03 1.510057585226004355e-03 4.347933378196027756e+09 7.100417662180397034e+10 8.716366782006165437e+00
1.258925411794336182e+12 8.661023454996649162e-01 1.437521955323460832e-01 -2.092293200259686792e+00 1.922442521393363524e-01 1.382748258323801876e-15 1.740776920518193440e-03 4.008286987413273335e-03 1.294739651741868202e-03 4.092623623879571915e+09 7.125948637612042236e+10 9.174995300401604936e+00
1.412537544622946045e+12 8.510790219229102949e-01 1.612502969960256660e-01 -2.083820321445340795e+00 1.856919917777575813e-01 1.070823754419677658e-15 1.512578756791895960e-03 3.482841297368486147e-03 1.107461444622324974e-03 3.843479162861687660e+09 7.150863083713830566e+10 9.665488196802233034e+00
1.584893192461331299e+12 8.361800880124052870e-01 1.789112728134098773e-01 -2.075271323865893081e+00 1.790013378481445094e-01 8.275891148694041415e-16 1.311640354311617357e-03 3.020163527207358686e-03 9.448863240079294606e-04 3.600822145139508247e+09 7.175128785486048889e+10 1.019076559686067718e+01
1.778279410039170166e+12 8.214060395227728018e-01 1.967377247684571617e-01 -2.066657218336116486e+00 1.721837854499635445e-01 6.382305550979226037e-16 1.134952254988505840e-03 2.613324143596510753e-03 8.040491322378333534e-04 3.364975716871837616e+09 7.198713428312815857e+10 1.075406038653730079e+01
1.995262314969160400e+12 8.067576801143828691e-01 2.147319282758775871e-01 -2.057856871990212611e+00 1.652524092240922615e-01 4.911440103138294744e-16 9.799611350020086004e-04 2.256443901169150924e-03 6.823049311186923536e-04 3.136240266917820454e+09 7.221586973308218384e+10 1.135901038675372554e+01
2.238721138568658203e+12 7.922361202756371679e-01 2.328957999389658917e-01 -2.048891927815500225e+00 1.582219141171597176e-01 3.770862262087183852e-16 8.441909056765405789e-04 1.943821395051945023e-03 5.772982987131653832e-04 2.914893478704081059e+09 7.243721652129591370e+10 1.200972991654372635e+01
2.511886431509941895e+12 7.778421018930301578e-01 2.512317292666679247e-01 -2.039837226284760607e+00 1.511083311571399801e-01 2.887868680493813484e-16 7.253998154514929497e-04 1.670294801519239553e-03 4.869453937988861537e-04 2.701211856322517395e+09 7.265089814367749023e+10 1.271081055647240277e+01
2.818382931264864258e+12 7.635761378428498336e-01 2.697424371698305956e-01 -2.030730595398962279e+00 1.439290697482739911e-01 2.205653006317503920e-16 6.216374785298286890e-04 1.431373191309189734e-03 4.094036939781757305e-04 2.495468140842175484e+09 7.285664185915782166e+10 1.346736862586517702e+01
3.162277660168844727e+12 7.494388493224047876e-01 2.884305533972310598e-01 -2.021460078550125328e+00 1.367030631462959611e-01 1.679967815926920055e-16 5.312524694108344912e-04 1.223254016681662787e-03 3.430380137784046777e-04 2.297907475334172249e+09 7.305420252466583252e+10 1.428518657545463100e+01
3.548133892336282715e+12 7.354313328362986901e-01 3.072981045005704348e-01 -2.011980445376543969e+00 1.294509224731206498e-01 1.275894769900439137e-16 4.527045476138350909e-04 1.042390742866229928e-03 2.863968947897076200e-04 2.108737205997035742e+09 7.324337279400296021e+10 1.517087273027348715e+01
3.981071705535571777e+12 7.215544369624393717e-01 3.263474539090067128e-01 -2.002395340471066376e+00 1.221944997258823246e-01 9.659492155315342472e-17 3.845513090936872888e-04 8.854621118104700084e-04 2.382005734227903059e-04 1.928146453910193920e+09 7.342396354608981323e+10 1.613190784726773686e+01
4.466835921510310547e+12 7.078087042012254360e-01 3.455814136029784489e-01 -1.992749667171829664e+00 1.149567488424287354e-01 7.288129147294576348e-17 3.255487707574172482e-04 7.496037465885648952e-04 1.973239269628145932e-04 1.756310326364870787e+09 7.359579967363513184e+10 1.717671395573606574e+01
5.011872336273493164e+12 6.941946095666597927e-01 3.650029405418734885e-01 -1.982980207159378283e+00 1.077617165348336709e-01 5.479463939955588590e-17 2.746237373827157494e-04 6.323445238797530165e-04 1.627752202011067918e-04 1.593370652155184507e+09 7.375873934784481812e+10 1.831487263399843712e+01
5.623413251904365234e+12 6.807131350973151251e-01 3.846143022588228155e-01 -1.972970433196482354e+00 1.006346828687606360e-01 4.104637384883901051e-17 2.308207226441820860e-04 5.314843551146069189e-04 1.336794982262479289e-04 1.439420997356227875e+09 7.391268900264376831e+10 1.955742759498864913e+01
6.309573444802923828e+12 6.673652468944835103e-01 4.044177863993349553e-01 -1.962824348795571439e+00 9.360168151229823763e-02 3.062528443248576365e-17 1.932324813947485496e-04 4.449342311417973450e-04 1.092690335698379226e-04 1.294518462975543022e+09 7.405759153702445984e+10 2.091707559716532216e+01
7.079457843842502930e+12 6.541515124357567545e-01 4.244162839653141117e-01 -1.952598848538802390e+00 8.668905498690455957e-02 2.275209975338166392e-17 1.610725310629649036e-04 3.708832089164034026e-04 8.887359756838298795e-05 1.158693531675323725e+09 7.419341646832467651e+10 2.240830875384170895e+01
7.943282347244088867e+12 6.410723273852048099e-01 4.446129931925543177e-01 -1.942294091980409698e+00 7.992330072428091570e-02 1.682606293759215195e-17 1.336541687057937516e-04 3.077500964784719937e-04 7.190776493351117352e-05 1.031938582894503832e+09 7.432017141710549927e+10 2.404776596394254184e+01
8.912509381338898438e+12 6.281284789108003697e-01 4.650105491855759943e-01 -1.931743109399042924e+00 7.333104994182162994e-02 1.238533544488201919e-17 1.103844183435401808e-04 2.541695161766541525e-04 5.785977461713308085e-05 9.141927302421315908e+08 7.443791726975787354e+10 2.585479433457723175e+01
1.000000000000163672e+13 6.153210077585579141e-01 4.856111835163044455e-01 -1.921001459352834173e+00 6.693863321998479166e-02 9.070722176249954153e-18 9.070722176251438224e-05 2.088610966572707203e-04 4.628400929628500714e-05 8.053452511434358358e+08 7.454676474885656738e+10 2.785199718561309368e+01
1.122018454302148828e+13 6.026505236319360526e-01 5.064178130658322230e-01 -1.910164244027251490e+00 6.077135087645533368e-02 6.606997008984931088e-18 7.413172571600192625e-05 1.706946065515894072e-04 3.679511671606354732e-05 7.052493523289281130e+08 7.464686064767106628e+10 3.006560437323566504e+01
1.258925411794377344e+13 5.901173976592632986e-01 5.274337827925870137e-01 -1.899279923609976217e+00 5.485318092741698487e-02 4.784349223961699351e-18 6.023138816944091921e-05 1.386878965292925858e-04 2.906055413904152731e-05 6.137192983664876223e+08 7.473839070163351440e+10 3.252610324522341045e+01
1.412537544622992383e+13 5.777221809917828521e-01 5.486621815853096606e-01 -1.888173228701513384e+00 4.920656363482735218e-02 3.443533651824982974e-18 4.864120569375507614e-05 1.120005151356975518e-04 2.279334384741680064e-05 5.305186358926569819e+08 7.482159136410734558e+10 3.526933891000149401e+01
1.584893192461383203e+13 5.654659010511549067e-01 5.701052840041204162e-01 -1.876812091197130439e+00 4.385208339207862654e-02 2.462559986282044139e-18 3.902894558286209187e-05 8.986746829437406174e-05 1.774664426166503266e-05 4.553598180502120256e+08 7.489675018194978333e+10 3.833786455654605874e+01
1.778279410039228125e+13 5.533492409750827568e-01 5.917659379627455696e-01 -1.865338096154864012e+00 3.880765774379570793e-02 1.748751389894456116e-18 3.109768589926793536e-05 7.160506797826548934e-05 1.370983085484905981e-05 3.879187788592869639e+08 7.496419122114071655e+10 4.178200734655194282e+01
1.995262314969225781e+13 5.413725678352159232e-01 6.136475720268844691e-01 -1.853819009838089338e+00 3.408816994522799459e-02 1.232540092593762386e-18 2.459240798441014221e-05 5.662611202573054615e-05 1.050405135474917298e-05 3.278393375071935654e+08 7.502427066249281311e+10 4.566124209985916593e+01
2.238721138568731641e+13 5.295362138318605583e-01 6.357537237734621760e-01 -1.842133765290808078e+00 2.970522955501008963e-02 8.618575088287788711e-19 1.929458623449174554e-05 4.442742663902881332e-05 7.977712888130199161e-06 2.747281958779009581e+08 7.507738180412210083e+10 5.004651790565657166e+01
2.511886431510023828e+13 5.178410778502475775e-01 6.580868833121504835e-01 -1.830139079012669479e+00 2.566705149342649386e-02 5.976602650243186034e-19 1.501254710367270692e-05 3.456766716878771411e-05 6.002835542934793937e-06 2.281555275580917001e+08 7.512395447244190979e+10 5.502345432626918864e+01
2.818382931264956250e+13 5.062879385155130141e-01 6.806497230917138985e-01 -1.818001864463410611e+00 2.197791122253186374e-02 4.107214397909568784e-19 1.157570295411400248e-05 2.665404106307004082e-05 4.472292837138356586e-06 1.876676904301858246e+08 7.516444230956980896e+10 6.069551337748760744e+01
3.162277660168948438e+13 4.948771499424983178e-01 7.034457291500263443e-01 -1.805796945060486935e+00 1.863789485899807960e-02 2.795240645650702812e-19 8.839327048537445032e-06 2.035330269406137796e-05 3.297109243210076369e-06 1.527966682298163176e+08 7.519931333177018738e+10 6.718756282779233402e+01
3.548133892336399219e+13 4.836088898754543619e-01 7.264787777068728580e-01 -1.793498771606782061e+00 1.564293898431959318e-02 1.882739729833553274e-19 6.680212645870705857e-06 1.538175805641220196e-05 2.403732724448240597e-06 1.230618353538761139e+08 7.522904816464611816e+10 7.465139733742407202e+01
3.981071705535702344e+13 4.724838219153818519e-01 7.497517719670440117e-01 -1.780871468003955904e+00 1.298503584890439363e-02 1.254402225649147588e-19 4.993865207892833131e-06 1.149879958411564975e-05 1.731718783435047058e-06 9.797331466497044265e+07 7.525413668533502197e+10 8.327363913078430357e+01
4.466835921510457031e+13 4.615027907282457376e-01 7.732671779757244179e-01 -1.768032062653551950e+00 1.065225972117740325e-02 8.260100273814455874e-20 3.689651261835277536e-06 8.495735993848581584e-06 1.231855393985943477e-06 7.704166356773535907e+07 7.527506833643226624e+10 9.328534531314691947e+01
5.011872336273657812e+13 4.506661427500326944e-01 7.970284735849229030e-01 -1.755105281829399733e+00 8.628903266884865170e-03 5.370718528532765200e-20 2.691735561906573149e-06 6.197950179128026915e-06 8.645132396615297675e-07 5.978856512739385664e+07 7.529232143487260437e+10 1.049726393980797639e+02
5.623413251904549219e+13 4.399739675977372699e-01 8.210397183707184299e-01 -1.742152188283388803e+00 6.895977073149478845e-03 3.444832223726047922e-20 1.937171517748887423e-06 4.460502259341238811e-06 5.980519286997992890e-07 4.575191948746795952e+07 7.530635808051252747e+10 1.186917049256522034e+02
6.309573444803129688e+13 4.294266255459749937e-01 8.453043890648619385e-01 -1.728892908765656378e+00 5.431817301182763867e-03 2.178068143744483009e-20 1.374268092074183566e-06 3.164369222587383986e-06 4.074301416515845662e-07 3.448965260453815758e+07 7.531762034739546204e+10 1.348907848843275303e+02
7.079457843842734375e+13 4.190249397786687813e-01 8.698248386865776727e-01 -1.715328633315655882e+00 4.212681198922009311e-03 1.356109650186536442e-20 9.600521100123902408e-07 2.210601677012009766e-06 2.730558691616003153e-07 2.558573225495712832e+07 7.532652426774504089e+10 1.541402863259031335e+02
7.943282347244348438e+13 4.087692807758430136e-01 8.946043877893422591e-01 -1.701658795623577580e+00 3.213302540058299642e-03 8.303948077605473052e-21 6.596060417727719809e-07 1.518799039034792701e-06 1.798208512604306506e-07 1.865720451052932814e+07 7.533345279548947144e+10 1.771685579368770505e+02
8.912509381339190625e+13 3.986596828239161727e-01 9.196471512933219739e-01 -1.687989943553969363e+00 2.407669478641730285e-03 4.994341083599185262e-21 4.451211176118547592e-07 1.024929249989906265e-06 1.162276440348134438e-07 1.335746922264916822e+07 7.533875253077734375e+10 2.049101738528547401e+02
1.000000000000196406e+14 3.886961942045790153e-01 9.449572322586458073e-01 -1.674094231055347493e+00 1.769799170362980519e-03 2.947004607718882949e-21 2.947004607719461627e-07 6.785728878719598146e-07 7.364009058826697447e-08 9.377364114032957703e+06 7.534273263588597107e+10 2.385769938211225565e+02
1.122018454302185625e+14 3.788794889568309898e-01 9.705370955533922928e-01 -1.659798262454539541e+00 1.274456676844317122e-03 1.703881631362517129e-21 1.911786634335257984e-07 4.402051405205624099e-07 4.567063987845403135e-08 6.446136165995841846e+06 7.534566386383399963e+10 2.797612981517086723e+02
1.258925411794418438e+14 3.692099941143640596e-01 9.963897070709428760e-01 -1.645370286367836554e+00 8.977184285665143482e-04 9.636180039598125401e-22 1.213123192447622540e-07 2.793319378895242881e-07 2.768221291820193669e-08 4.332195250301700085e+06 7.534777780474969482e+10 3.305722535499014043e+02
1.412537544623038438e+14 3.596876832433424376e-01 1.022519170614548445e+00 -1.630922551206846816e+00 6.175154537344261290e-04 5.321327826572162155e-22 7.516575342280491654e-08 1.730755433350167945e-07 1.637202588758845859e-08 2.841860805422593839e+06 7.534926813919458008e+10 3.938212918308710186e+02
1.584893192461435000e+14 3.503123510703692878e-01 1.048930090849395258e+00 -1.616369095321690708e+00 4.140595672244918647e-04 2.864357657872201758e-22 4.539700952736432664e-08 1.045304774042177744e-07 9.431875369107624482e-09 1.816497442774019204e+06 7.535029350255722046e+10 4.732972511896617789e+02
1.778279410039286562e+14 3.410843894736227400e-01 1.075625355853631948e+00 -1.601365176112135469e+00 2.701127573341220419e-04 1.500353518417118847e-22 2.668047769581162036e-08 6.143407021633596869e-08 5.282761678593799269e-09 1.129205982315755449e+06 7.535098079401768494e+10 5.741777076382718406e+02
1.995262314969290938e+14 3.320042749624365075e-01 1.102607433755667499e+00 -1.586144212245929497e+00 1.710753326423969964e-04 7.630213228678415717e-23 1.522427691036220250e-08 3.505519306541345993e-08 2.870530096550074141e-09 6.812278627957315184e+05 7.535142877213720703e+10 7.036326203579583307e+02
2.238721138568804688e+14 3.230719126257111662e-01 1.129880340831938224e+00 -1.570877599994933371e+00 1.049527821396316059e-04 3.758439376186208885e-23 8.414097679497416779e-09 1.937417588780654395e-08 1.509795872719579917e-09 3.979336558712956612e+05 7.535171206634413147e+10 8.716870393221067843e+02
2.511886431510106250e+14 3.142869237291391893e-01 1.157448940469368193e+00 -1.555635171569597297e+00 6.221223965846674404e-05 1.788532796552715442e-23 4.492591263971591411e-09 1.034457367333626549e-08 7.668271336910128244e-10 2.245392274908149848e+05 7.535188546077250671e+10 1.092532024869798079e+03
2.818382931265048750e+14 3.056493187789753319e-01 1.185316851271622562e+00 -1.539957622931707126e+00 3.553525164024561923e-05 8.202930347104100100e-24 2.311899887663427743e-09 5.323346217828418393e-09 3.751291364118973196e-10 1.220701715724354435e+05 7.535198792982843018e+10 1.386563406235815592e+03
3.162277660169051875e+14 2.971595425772386445e-01 1.213486104014433575e+00 -1.523921678387705647e+00 1.950220156703177357e-05 3.615240639656680271e-24 1.143239471092159227e-09 2.632406163859203153e-09 1.762353268697076805e-10 6.375110326742259349e+04 7.535204624889672852e+10 1.783620042571413933e+03
3.548133892336515000e+14 2.888174640070380605e-01 1.241960402853261813e+00 -1.507821944126098046e+00 1.025090199295552940e-05 1.525902897668162461e-24 5.414107787630904174e-10 1.246644388366189314e-09 7.925906306407325662e-11 3.188195224113154836e+04 7.535207811804776001e+10 2.328003820038417416e+03
3.981071705535832500e+14 2.806225851907084845e-01 1.270744625633703606e+00 -1.491831202919633892e+00 5.142481483653782547e-06 6.145636305341677128e-25 2.446621880770952053e-10 5.633555070856250111e-10 3.400906567777809753e-11 1.521690255245768458e+04 7.535209478309744263e+10 3.086515292380234769e+03
4.466835921510603125e+14 2.725744980715715249e-01 1.299843314823757812e+00 -1.475514748585339930e+00 2.452785106636331825e-06 2.353568783245948032e-25 1.051300558474900316e-10 2.420708994200620699e-10 1.387340551513600387e-11 6.906778406212004484e+03 7.535210309322158813e+10 4.161714718366356465e+03
5.011872336273821875e+14 2.646734828951205487e-01 1.329258352722949343e+00 -1.458672034742388490e+00 1.107765189920724646e-06 8.536639458007740390e-26 4.278454714433254887e-11 9.851506046504109959e-11 5.358756518008461145e-12 2.969188667879530840e+03 7.535210703081132507e+10 5.714505544317765271e+03
5.623413251904733125e+14 2.569194189965675057e-01 1.358992788012790776e+00 -1.441743193259509059e+00 4.716176601827978287e-07 2.918591137996571912e-26 1.641244408230163739e-11 3.779104908350609704e-11 1.951103779294795446e-12 1.203539686702906238e+03 7.535210879646031189e+10 8.002761545439836482e+03
6.309573444803336250e+14 2.493116969454096665e-01 1.389051370398020513e+00 -1.424922392729860210e+00 1.883385768864420555e-07 9.358051032721547961e-27 5.904531029117431520e-12 1.359568512876659096e-11 6.664354239879839208e-13 4.577955365230500320e+02 7.535210954220446777e+10 1.144846626561231096e+04
7.079457843842966250e+14 2.418495372104113306e-01 1.419439493254726292e+00 -1.407977629636258499e+00 7.016792738707892606e-08 2.799187447897941512e-27 1.981672953440785453e-12 4.562970601782236397e-12 2.124690307242651250e-13 1.625797068470877207e+02 7.535210983742028809e+10 1.675848626508958114e+04
7.943282347244608750e+14 2.345328964657792670e-01 1.450159417498445125e+00 -1.390383450987997982e+00 2.424694140135023654e-08 7.768256532271491823e-28 6.170545498165976219e-13 1.420820607971849495e-12 6.287425048041362142e-14 5.360636366729754343e+01 7.535210994639363098e+10 2.514832473689307517e+04
8.912509381339482500e+14 2.273616889558498222e-01 1.481213186107763313e+00 -1.372605152139047435e+00 7.722060487039499928e-09 1.986873893369458413e-28 1.770803221419380073e-13 4.077425100266099341e-13 1.716017253045233134e-14 1.630639316807966566e+01 7.535210998369360352e+10 3.876973060997298307e+04
1.000000000000229000e+15 2.203351793318543972e-01 1.512605349625543827e+00 -1.354895042481941481e+00 2.250641544798616419e-09 4.649905318840391296e-29 4.649905318841455912e-14 1.070680267099806274e-13 4.289909112037622678e-15 4.544670135871914596e+00 7.535210999545532227e+10 6.154375203529418650e+04
1.122018454302222250e+15 2.134523171325907465e-01 1.544341810214737265e+00 -1.337307993258743277e+00 5.956574915731584293e-10 9.879900815439459401e-30 1.108543104159864769e-14 2.552514826579850527e-14 9.750797376431584421e-16 1.151977283046142997e+00 7.535210999884802246e+10 1.008447490081029246e+05
1.258925411794459750e+15 2.067126053290732068e-01 1.576425830462149902e+00 -1.319054692543497387e+00 1.419535584280599543e-10 1.890793211190668613e-30 2.380367622016381424e-15 5.480999002300605449e-15 1.999260559406839873e-16 2.634808748200817563e-01 7.535210999973652649e+10 1.710186736239000165e+05
1.412537544623084750e+15 2.001159382631871320e-01 1.608858389074270256e+00 -1.300389698708102948e+00 3.018522985727098112e-11 3.229148440099683746e-31 4.561293408801871340e-16 1.050276620787918607e-15 3.664416536347156134e-17 5.388777269210484611e-02 7.535210999994610596e+10 3.010683172791336547e+05
1.584893192461487000e+15 1.936614955432899299e-01 1.641643512308225805e+00 -1.281771881971532467e+00 5.669374558178505874e-12 4.870349635600247428e-32 7.718983982370115654e-17 1.777361745086524418e-16 5.943845481057418235e-18 9.756572388712352051e-03 7.535210999999024963e+10 5.520488333351663314e+05
1.778279410039344750e+15 1.873480515117159628e-01 1.674787154054244720e+00 -1.263491169090874333e+00 9.299976192118577027e-13 6.413616686225638160e-33 1.140520249699982439e-17 2.626144925217026630e-17 8.439048870368719874e-19 1.546746200816444955e-03 7.535210999999845886e+10 1.058202620585143566e+06
1.995262314969356250e+15 1.811745939063521826e-01 1.708294105433475707e+00 -1.244682004234275885e+00 1.316090530584632205e-13 7.287620303628969815e-34 1.454071415763642078e-18 3.348123166086109637e-18 1.036655765804658030e-19 2.122317392640747961e-04 7.535210999999978638e+10 2.128736029657760635e+06
2.238721138568878000e+15 1.751408726415369654e-01 1.742164642363432714e+00 -1.225150778375473148e+00 1.585573267305985705e-14 7.051669459428654448e-35 1.578672148102350231e-19 3.635026954945360359e-19 1.087493004095005597e-20 2.487761057662845427e-05 7.535210999999996948e+10 4.513614972008224577e+06
2.511886431510188500e+15 1.692460542578188010e-01 1.776401680561543905e+00 -1.205645484389401556e+00 1.602440990013012538e-15 5.723141254831081602e-36 1.437588086362638708e-20 3.310168897524449062e-20 9.598204292055857656e-22 2.454389283444275917e-06 7.535211000000000000e+10 1.013763545677836984e+07
2.818382931265141000e+15 1.634887788027463151e-01 1.811010922175919413e+00 -1.186545872619197750e+00 1.336406237339168758e-16 3.831680031425460978e-37 1.079914159863899785e-21 2.486594246215804540e-21 7.011334866908208934e-23 2.004928290066911988e-07 7.535211000000000000e+10 2.425119237483188510e+07
3.162277660169155500e+15 1.578675564813948884e-01 1.845998847601013404e+00 -1.167256320998907526e+00 9.031394527405727287e-18 2.078742580981358784e-38 6.573561225079722838e-23 1.513618408475224804e-22 4.164446492499190499e-24 1.332225529591869294e-08 7.535211000000000000e+10 6.215569179736851901e+07
3.548133892336631000e+15 1.523818195052490110e-01 1.881365937430736324e+00 -1.146940359206079396e+00 4.849782692396810033e-19 8.965114572252702724e-40 3.180942686249083445e-24 7.324391211025576366e-24 1.972906910355060605e-25 7.063530806494502240e-10 7.535211000000000000e+10 1.717767844111727476e+08
3.981071705535962500e+15 1.470307962444910299e-01 1.917113215883253341e+00 -1.126553483750651452e+00 2.025118694774103815e-20 3.006325146740870259e-41 1.196839597933132864e-25 2.755825016905819455e-25 7.291348217602911419e-27 2.922722073461368327e-11 7.535211000000000000e+10 5.157003032606115937e+08
4.466835921510749500e+15 1.418129920003422251e-01 1.953246047075915204e+00 -1.106504906050493453e+00 6.418043487168118058e-22 7.649111773454654008e-43 3.416732723731804442e-27 7.867317836409797049e-27 2.051027294281494775e-28 9.208277861435612822e-13 7.535211000000000000e+10 1.695675922026492834e+09
5.011872336273986000e+15 1.367265709111146477e-01 1.989772180247818323e+00 -1.086750008216966545e+00 1.502482903905358126e-23 1.437227196393649469e-44 7.203199226545950323e-29 1.658597916091094588e-28 4.273288727677692120e-30 2.149563567148078180e-14 7.535211000000000000e+10 6.162343754354244232e+09
5.623413251904917000e+15 1.317704887298731531e-01 2.026693591470230427e+00 -1.065839906467772158e+00 2.522920565426872130e-25 1.937939268285983044e-46 1.089783336266631486e-30 2.509318864680863364e-30 6.406096583295184052e-32 3.611597159117375160e-16 7.535211000000000000e+10 2.499206677804599762e+10
6.309573444803543000e+15 1.269440312676630989e-01 2.064008988339566475e+00 -1.044473886674689211e+00 2.942677677010323336e-27 1.815308670348288733e-48 1.145382338055119155e-32 2.637340297384384250e-32 6.686591415844297571e-34 4.226168912883147041e-18 7.535211000000000000e+10 1.143576102309134979e+11
7.079457843843198000e+15 1.222456156078852579e-01 2.101723015418467622e+00 -1.023405597165395031e+00 2.299279692223235196e-29 1.138815926716005807e-50 8.062199345083188032e-35 1.856390002873490927e-34 4.683092231152768430e-36 3.319024964378028032e-20 7.535211000000000000e+10 5.977080380356115723e+11
7.943282347244868000e+15 1.176732107951240364e-01 2.139843896440868587e+00 -1.003141979189907662e+00 1.155508943270409213e-31 4.592663917120603815e-53 3.648082621969255808e-37 8.400020663357041821e-37 2.111717231066852421e-38 1.678533864639999364e-22 7.535211000000000000e+10 3.617884895153644043e+12
8.912509381339774000e+15 1.132252008029530771e-01 2.178376516055425594e+00 -9.818513151542859196e-01 3.571425832567917367e-34 1.139564633329188308e-55 1.015638048518941092e-39 2.338593030397277274e-39 5.865582651607781855e-41 5.229785265965680853e-25 7.535211000000000000e+10 2.573729776323814453e+13
