  9990.00    1.1678627      27225.48
  9980.00    1.1678627      27198.23
  9970.00    1.1678627      27170.98
  9960.00    1.1678627      27143.73
  9950.00    1.1678627      27116.48
  9940.00    1.1678627      27089.23
  9930.00    1.1678627      27061.98
  9920.00    1.1678627      27034.73
  9910.00    1.1678627      27007.48
  9900.00    1.1678627      26980.23
  9890.00    1.1678627      26952.98
  9880.00    1.1678627      26925.73
  9870.00    1.1678627      26898.48
  9860.00    1.1678627      26871.23
  9850.00    1.1678627      26843.98
  9840.00    1.1678627      26816.73
  9830.00    1.1678627      26789.48
  9820.00    1.1678627      26762.23
  9810.00    1.1678627      26734.98
  9800.00    1.1678627      26707.73
  9790.00    1.1678627      26680.48
  9780.00    1.1678627      26653.23
  9770.00    1.1678627      26625.98
  9760.00    1.1678627      26598.73
  9750.00    1.1678627      26571.48
  9740.00    1.1678627      26544.23
  9730.00    1.1678627      26516.98
  9720.00    1.1678627      26489.73
  9710.00    1.1678627      26462.48
  9700.00    1.1678627      26435.23
  9690.00    1.1678627      26407.98
  9680.00    1.1678627      26380.73
  9670.00    1.1678627      26353.48
  9660.00    1.1678627      26326.23
  9650.00    1.1678627      26298.98
  9640.00    1.1678627      26271.73
  9630.00    1.1678627      26244.48
  9620.00    1.1678627      26217.23
  9610.00    1.1678627      26189.98
  9600.00    1.1678627      26162.73
  9590.00    1.1678627      26135.48
  9580.00    1.1678627      26108.23
  9570.00    1.1678627      26080.98
  9560.00    1.1678627      26053.73
  9550.00    1.1678627      26026.48
  9540.00    1.1678627      25999.23
  9530.00    1.1678627      25971.98
  9520.00    1.1678627      25944.73
  9510.00    1.1678627      25917.48
  9500.00    1.1678627      25890.23
  9490.00    1.1678627      25862.98
  9480.00    1.1678627      25835.73
  9470.00    1.1678627      25808.48
  9460.00    1.1678627      25781.23
  9450.00    1.1678627      25753.98
  9440.00    1.1678627      25726.73
  9430.00    1.1678627      25699.48
  9420.00    1.1678627      25672.23
  9410.00    1.1678627      25644.98
  9400.00    1.1678627      25617.73
  9390.00    1.1678627      25590.48
  9380.00    1.1678627      25563.23
  9370.00    1.1678627      25535.98
  9360.00    1.1678627      25508.73
  9350.00    1.1678627      25481.48
  9340.00    1.1678627      25454.23
  9330.00    1.1678627      25426.98
  9320.00    1.1678627      25399.73
  9310.00    1.1678627      25372.48
  9300.00    1.1678627      25345.23
  9290.00    1.1678627      25317.98
  9280.00    1.1678627      25290.73
  9270.00    1.1678627      25263.48
  9260.00    1.1678627      25236.23
  9250.00    1.1678627      25208.98
  9240.00    1.1678627      25181.73
  9230.00    1.1678627      25154.48
  9220.00    1.1678627      25127.23
  9210.00    1.1678627      25099.98
  9200.00    1.1678627      25072.73
  9190.00    1.1678627      25045.48
  9180.00    1.1678627      25018.23
  9170.00    1.1678627      24990.98
  9160.00    1.1678627      24963.73
  9150.00    1.1678627      24936.48
  9140.00    1.1678627      24909.23
  9130.00    1.1678627      24881.98
  9120.00    1.1678627      24854.73
  9110.00    1.1678627      24827.48
  9100.00    1.1678627      24800.23
  9090.00    1.1678627      24772.98
  9080.00    1.1678627      24745.73
  9070.00    1.1678627      24718.48
  9060.00    1.1678627      24691.23
  9050.00    1.1678627      24663.98
  9040.00    1.1678627      24636.73
  9030.00    1.1678627      24609.48
  9020.00    1.1678627      24582.23
  9010.00    1.1678627      24554.98
  9000.00    1.1678627      24527.73
  8990.00    1.1678627      24500.48
  8980.00    1.1678627      24473.23
  8970.00    1.1678627      24445.98
  8960.00    1.1678627      24418.73
  8950.00    1.1678627      24391.48
  8940.00    1.1678627      24364.23
  8930.00    1.1678627      24336.98
  8920.00    1.1678627      24309.73
  8910.00    1.1678627      24282.48
  8900.00    1.1678627      24255.23
  8890.00    1.1678627      24227.98
  8880.00    1.1678627      24200.73
  8870.00    1.1678627      24173.48
  8860.00    1.1678627      24146.23
  8850.00    1.1678627      24118.98
  8840.00    1.1678627      24091.73
  8830.00    1.1678627      24064.48
  8820.00    1.1678627      24037.23
  8810.00    1.1678627      24009.98
  8800.00    1.1678627      23982.73
  8790.00    1.1678627      23955.48
  8780.00    1.1678627      23928.23
  8770.00    1.1678627      23900.98
  8760.00    1.1678627      23873.73
  8750.00    1.1678627      23846.48
  8740.00    1.1678627      23819.23
  8730.00    1.1678627      23791.98
  8720.00    1.1678627      23764.73
  8710.00    1.1678627      23737.48
  8700.00    1.1678627      23710.23
  8690.00    1.1678627      23682.98
  8680.00    1.1678627      23655.73
  8670.00    1.1678627      23628.48
  8660.00    1.1678627      23601.23
  8650.00    1.1678627      23573.98
  8640.00    1.1678627      23546.73
  8630.00    1.1678627      23519.48
  8620.00    1.1678627      23492.23
  8610.00    1.1678627      23464.98
  8600.00    1.1678627      23437.73
  8590.00    1.1678627      23410.48
  8580.00    1.1678627      23383.23
  8570.00    1.1678627      23355.98
  8560.00    1.1678627      23328.73
  8550.00    1.1678627      23301.48
  8540.00    1.1678627      23274.23
  8530.00    1.1678627      23246.98
  8520.00    1.1678627      23219.73
  8510.00    1.1678627      23192.48
  8500.00    1.1678627      23165.23
  8490.00    1.1678627      23137.98
  8480.00    1.1678627      23110.73
  8470.00    1.1678627      23083.48
  8460.00    1.1678627      23056.23
  8450.00    1.1678627      23028.98
  8440.00    1.1678627      23001.73
  8430.00    1.1678627      22974.48
  8420.00    1.1678627      22947.23
  8410.00    1.1678627      22919.98
  8400.00    1.1678627      22892.73
  8390.00    1.1678627      22865.48
  8380.00    1.1678627      22838.23
  8370.00    1.1678627      22810.98
  8360.00    1.1678627      22783.73
  8350.00    1.1678627      22756.48
  8340.00    1.1678627      22729.23
  8330.00    1.1678627      22701.98
  8320.00    1.1678627      22674.73
  8310.00    1.1678627      22647.48
  8300.00    1.1678627      22620.23
  8290.00    1.1678627      22592.98
  8280.00    1.1678627      22565.73
  8270.00    1.1678627      22538.48
  8260.00    1.1678627      22511.23
  8250.00    1.1678627      22483.98
  8240.00    1.1678627      22456.73
  8230.00    1.1678627      22429.48
  8220.00    1.1678627      22402.23
  8210.00    1.1678627      22374.98
  8200.00    1.1678627      22347.73
  8190.00    1.1678627      22320.48
  8180.00    1.1678627      22293.23
  8170.00    1.1678627      22265.98
  8160.00    1.1678627      22238.73
  8150.00    1.1678627      22211.48
  8140.00    1.1678627      22184.23
  8130.00    1.1678627      22156.98
  8120.00    1.1678627      22129.73
  8110.00    1.1678627      22102.48
  8100.00    1.1678627      22075.23
  8090.00    1.1678627      22047.98
  8080.00    1.1678627      22020.73
  8070.00    1.1678627      21993.48
  8060.00    1.1678627      21966.23
  8050.00    1.1678627      21938.98
  8040.00    1.1678627      21911.73
  8030.00    1.1678627      21884.48
  8020.00    1.1678627      21857.23
  8010.00    1.1678627      21829.98
  8000.00    1.1678534      21802.73
  7990.00    1.1678531      21775.48
  7980.00    1.1678528      21748.23
  7970.00    1.1678524      21720.98
  7960.00    1.1678521      21693.73
  7950.00    1.1678517      21666.48
  7940.00    1.1678513      21639.23
  7930.00    1.1678509      21611.98
  7920.00    1.1678505      21584.73
  7910.00    1.1678500      21557.48
  7900.00    1.1678496      21530.23
  7890.00    1.1678491      21502.98
  7880.00    1.1678486      21475.73
  7870.00    1.1678481      21448.48
  7860.00    1.1678476      21421.23
  7850.00    1.1678471      21393.98
  7840.00    1.1678465      21366.73
  7830.00    1.1678459      21339.48
  7820.00    1.1678453      21312.23
  7810.00    1.1678446      21284.98
  7800.00    1.1678440      21257.73
  7790.00    1.1678433      21230.48
  7780.00    1.1678426      21203.23
  7770.00    1.1678418      21175.98
  7760.00    1.1678410      21148.73
  7750.00    1.1678402      21121.48
  7740.00    1.1678394      21094.23
  7730.00    1.1678385      21066.98
  7720.00    1.1678376      21039.73
  7710.00    1.1678367      21012.48
  7700.00    1.1678357      20985.23
  7690.00    1.1678347      20957.98
  7680.00    1.1678336      20930.73
  7670.00    1.1678325      20903.48
  7660.00    1.1678314      20876.23
  7650.00    1.1678302      20848.98
  7640.00    1.1678289      20821.73
  7630.00    1.1678276      20794.48
  7620.00    1.1678262      20767.23
  7610.00    1.1678248      20739.98
  7600.00    1.1678234      20712.73
  7590.00    1.1678218      20685.48
  7580.00    1.1678202      20658.23
  7570.00    1.1678186      20630.98
  7560.00    1.1678169      20603.73
  7550.00    1.1678151      20576.48
  7540.00    1.1678132      20549.23
  7530.00    1.1678112      20521.98
  7520.00    1.1678092      20494.73
  7510.00    1.1678070      20467.48
  7500.00    1.1678048      20440.23
  7490.00    1.1678025      20412.98
  7480.00    1.1678001      20385.73
  7470.00    1.1677976      20358.48
  7460.00    1.1677950      20331.23
  7450.00    1.1677922      20303.98
  7440.00    1.1677894      20276.73
  7430.00    1.1677864      20249.48
  7420.00    1.1677833      20222.23
  7410.00    1.1677800      20194.98
  7400.00    1.1677766      20167.73
  7390.00    1.1677731      20140.48
  7380.00    1.1677694      20113.23
  7370.00    1.1677655      20085.98
  7360.00    1.1677615      20058.73
  7350.00    1.1677573      20031.48
  7340.00    1.1677529      20004.23
  7330.00    1.1677483      19976.98
  7320.00    1.1677435      19949.73
  7310.00    1.1677385      19922.48
  7300.00    1.1677333      19895.23
  7290.00    1.1677278      19867.98
  7280.00    1.1677221      19840.73
  7270.00    1.1677161      19813.48
  7260.00    1.1677099      19786.23
  7250.00    1.1677033      19758.98
  7240.00    1.1676965      19731.73
  7230.00    1.1676894      19704.48
  7220.00    1.1676819      19677.23
  7210.00    1.1676741      19649.98
  7200.00    1.1676659      19622.73
  7190.00    1.1676574      19595.48
  7180.00    1.1676484      19568.23
  7170.00    1.1676390      19540.98
  7160.00    1.1676292      19513.73
  7150.00    1.1676190      19486.48
  7140.00    1.1676082      19459.23
  7130.00    1.1675970      19431.98
  7120.00    1.1675852      19404.73
  7110.00    1.1675728      19377.48
  7100.00    1.1675599      19350.23
  7090.00    1.1675464      19322.98
  7080.00    1.1675322      19295.73
  7070.00    1.1675174      19268.48
  7060.00    1.1675018      19241.23
  7050.00    1.1674855      19213.98
  7040.00    1.1674684      19186.73
  7030.00    1.1674504      19159.48
  7020.00    1.1674317      19132.23
  7010.00    1.1674120      19104.98
  7000.00    1.1673913      19077.73
  6990.00    1.1673696      19050.48
  6980.00    1.1673469      19023.23
  6970.00    1.1673231      18995.98
  6960.00    1.1672981      18968.73
  6950.00    1.1672719      18941.48
  6940.00    1.1672444      18914.23
  6930.00    1.1672155      18886.98
  6920.00    1.1671852      18859.73
  6910.00    1.1671534      18832.48
  6900.00    1.1671200      18805.23
  6890.00    1.1670850      18777.98
  6880.00    1.1670482      18750.73
  6870.00    1.1670096      18723.48
  6860.00    1.1669690      18696.23
  6850.00    1.1669264      18668.98
  6840.00    1.1668817      18641.73
  6830.00    1.1668347      18614.48
  6820.00    1.1667853      18587.23
  6810.00    1.1667334      18559.98
  6800.00    1.1666790      18532.73
  6790.00    1.1666217      18505.48
  6780.00    1.1665616      18478.23
  6770.00    1.1664984      18450.98
  6760.00    1.1664319      18423.73
  6750.00    1.1663621      18396.48
  6740.00    1.1662887      18369.23
  6730.00    1.1662116      18341.98
  6720.00    1.1661305      18314.73
  6710.00    1.1660453      18287.48
  6700.00    1.1659557      18260.23
  6690.00    1.1658615      18232.98
  6680.00    1.1657624      18205.73
  6670.00    1.1656583      18178.48
  6660.00    1.1655488      18151.23
  6650.00    1.1654337      18123.98
  6640.00    1.1653127      18096.73
  6630.00    1.1651855      18069.48
  6620.00    1.1650517      18042.23
  6610.00    1.1649111      18014.98
  6600.00    1.1647633      17987.73
  6590.00    1.1646078      17960.48
  6580.00    1.1644444      17933.23
  6570.00    1.1642727      17905.98
  6560.00    1.1640921      17878.73
  6550.00    1.1639024      17851.48
  6540.00    1.1637030      17824.23
  6530.00    1.1634935      17796.98
  6520.00    1.1632733      17769.73
  6510.00    1.1630421      17742.48
  6500.00    1.1627992      17715.23
  6490.00    1.1625441      17687.98
  6480.00    1.1622763      17660.73
  6470.00    1.1619951      17633.48
  6460.00    1.1617000      17606.23
  6450.00    1.1613904      17578.98
  6440.00    1.1610656      17551.73
  6430.00    1.1607250      17524.48
  6420.00    1.1603679      17497.23
  6410.00    1.1599937      17469.98
  6400.00    1.1596016      17442.73
  6390.00    1.1591910      17415.48
  6380.00    1.1587612      17388.23
  6370.00    1.1583114      17360.98
  6360.00    1.1578410      17333.73
  6350.00    1.1573493      17306.48
  6340.00    1.1568355      17279.23
  6330.00    1.1562990      17251.98
  6320.00    1.1557390      17224.73
  6310.00    1.1551551      17197.48
  6300.00    1.1545464      17170.23
  6290.00    1.1539124      17142.98
  6280.00    1.1532525      17115.73
  6270.00    1.1525663      17088.48
  6260.00    1.1518532      17061.23
  6250.00    1.1511128      17033.98
  6240.00    1.1503447      17006.73
  6230.00    1.1495487      16979.48
  6220.00    1.1487246      16952.23
  6210.00    1.1478722      16924.98
  6200.00    1.1469914      16897.73
  6190.00    1.1460824      16870.48
  6180.00    1.1451454      16843.23
  6170.00    1.1441805      16815.98
  6160.00    1.1431882      16788.73
  6150.00    1.1421691      16761.48
  6140.00    1.1411237      16734.23
  6130.00    1.1400529      16706.98
  6120.00    1.1389575      16679.73
  6110.00    1.1378387      16652.48
  6100.00    1.1366976      16625.23
  6090.00    1.1355356      16597.98
  6080.00    1.1343540      16570.73
  6070.00    1.1331546      16543.48
  6060.00    1.1319389      16516.23
  6050.00    1.1307089      16488.98
  6040.00    1.1294664      16461.73
  6030.00    1.1282135      16434.48
  6020.00    1.1269522      16407.23
  6010.00    1.1256849      16379.98
  6000.00    1.1244136      16352.73
  5990.00    1.1231407      16325.48
  5980.00    1.1218685      16298.23
  5970.00    1.1205993      16270.98
  5960.00    1.1193354      16243.73
  5950.00    1.1180792      16216.48
  5940.00    1.1168329      16189.23
  5930.00    1.1155986      16161.98
  5920.00    1.1143786      16134.73
  5910.00    1.1131748      16107.48
  5900.00    1.1119892      16080.23
  5890.00    1.1108238      16052.98
  5880.00    1.1096801      16025.73
  5870.00    1.1085598      15998.48
  5860.00    1.1074644      15971.23
  5850.00    1.1063951      15943.98
  5840.00    1.1053532      15916.73
  5830.00    1.1043397      15889.48
  5820.00    1.1033554      15862.23
  5810.00    1.1024011      15834.98
  5800.00    1.1014773      15807.73
  5790.00    1.1005845      15780.48
  5780.00    1.0997229      15753.23
  5770.00    1.0988928      15725.98
  5760.00    1.0980941      15698.73
  5750.00    1.0973268      15671.48
  5740.00    1.0965906      15644.23
  5730.00    1.0958853      15616.98
  5720.00    1.0952104      15589.73
  5710.00    1.0945655      15562.48
  5700.00    1.0939500      15535.23
  5690.00    1.0933633      15507.98
  5680.00    1.0928046      15480.73
  5670.00    1.0922733      15453.48
  5660.00    1.0917685      15426.23
  5650.00    1.0912894      15398.98
  5640.00    1.0908353      15371.73
  5630.00    1.0904051      15344.48
  5620.00    1.0899981      15317.23
  5610.00    1.0896133      15289.98
  5600.00    1.0892499      15262.73
  5590.00    1.0889070      15235.48
  5580.00    1.0885836      15208.23
  5570.00    1.0882790      15180.98
  5560.00    1.0879921      15153.73
  5550.00    1.0877223      15126.48
  5540.00    1.0874687      15099.23
  5530.00    1.0872305      15071.98
  5520.00    1.0870068      15044.73
  5510.00    1.0867970      15017.48
  5500.00    1.0866003      14990.23
  5490.00    1.0864160      14962.98
  5480.00    1.0862434      14935.73
  5470.00    1.0860819      14908.48
  5460.00    1.0859308      14881.23
  5450.00    1.0857896      14853.98
  5440.00    1.0856577      14826.73
  5430.00    1.0855344      14799.48
  5420.00    1.0854194      14772.23
  5410.00    1.0853121      14744.98
  5400.00    1.0852121      14717.73
  5390.00    1.0851188      14690.48
  5380.00    1.0850320      14663.23
  5370.00    1.0849511      14635.98
  5360.00    1.0848758      14608.73
  5350.00    1.0848057      14581.48
  5340.00    1.0847406      14554.23
  5330.00    1.0846800      14526.98
  5320.00    1.0846237      14499.73
  5310.00    1.0845714      14472.48
  5300.00    1.0845229      14445.23
  5290.00    1.0844779      14417.98
  5280.00    1.0844361      14390.73
  5270.00    1.0843973      14363.48
  5260.00    1.0843614      14336.23
  5250.00    1.0843281      14308.98
  5240.00    1.0842972      14281.73
  5230.00    1.0842686      14254.48
  5220.00    1.0842422      14227.23
  5210.00    1.0842177      14199.98
  5200.00    1.0841951      14172.73
  5190.00    1.0841742      14145.48
  5180.00    1.0841548      14118.23
  5170.00    1.0841369      14090.98
  5160.00    1.0841204      14063.73
  5150.00    1.0841052      14036.48
  5140.00    1.0840911      14009.23
  5130.00    1.0840781      13981.98
  5120.00    1.0840662      13954.73
  5110.00    1.0840551      13927.48
  5100.00    1.0840449      13900.23
  5090.00    1.0840356      13872.98
  5080.00    1.0840269      13845.73
  5070.00    1.0840190      13818.48
  5060.00    1.0840116      13791.23
  5050.00    1.0840049      13763.98
  5040.00    1.0839987      13736.73
  5030.00    1.0839930      13709.48
  5020.00    1.0839878      13682.23
  5010.00    1.0839830      13654.98
  5000.00    1.0839313      13627.73
  4990.00    1.0839313      13600.48
  4980.00    1.0839313      13573.23
  4970.00    1.0839313      13545.98
  4960.00    1.0839313      13518.73
  4950.00    1.0839313      13491.48
  4940.00    1.0839313      13464.23
  4930.00    1.0839313      13436.98
  4920.00    1.0839313      13409.73
  4910.00    1.0839313      13382.48
  4900.00    1.0839313      13355.23
  4890.00    1.0839313      13327.98
  4880.00    1.0839313      13300.73
  4870.00    1.0839313      13273.48
  4860.00    1.0839313      13246.23
  4850.00    1.0839313      13218.98
  4840.00    1.0839313      13191.73
  4830.00    1.0839313      13164.48
  4820.00    1.0839313      13137.23
  4810.00    1.0839313      13109.98
  4800.00    1.0839313      13082.73
  4790.00    1.0839313      13055.48
  4780.00    1.0839313      13028.23
  4770.00    1.0839313      13000.98
  4760.00    1.0839313      12973.73
  4750.00    1.0839313      12946.48
  4740.00    1.0839313      12919.23
  4730.00    1.0839313      12891.98
  4720.00    1.0839313      12864.73
  4710.00    1.0839313      12837.48
  4700.00    1.0839313      12810.23
  4690.00    1.0839313      12782.98
  4680.00    1.0839313      12755.73
  4670.00    1.0839313      12728.48
  4660.00    1.0839313      12701.23
  4650.00    1.0839313      12673.98
  4640.00    1.0839313      12646.73
  4630.00    1.0839313      12619.48
  4620.00    1.0839313      12592.23
  4610.00    1.0839313      12564.98
  4600.00    1.0839313      12537.73
  4590.00    1.0839313      12510.48
  4580.00    1.0839313      12483.23
  4570.00    1.0839313      12455.98
  4560.00    1.0839313      12428.73
  4550.00    1.0839313      12401.48
  4540.00    1.0839313      12374.23
  4530.00    1.0839313      12346.98
  4520.00    1.0839313      12319.73
  4510.00    1.0839313      12292.48
  4500.00    1.0839313      12265.23
  4490.00    1.0839313      12237.98
  4480.00    1.0839313      12210.73
  4470.00    1.0839313      12183.48
  4460.00    1.0839313      12156.23
  4450.00    1.0839313      12128.98
  4440.00    1.0839313      12101.73
  4430.00    1.0839313      12074.48
  4420.00    1.0839313      12047.23
  4410.00    1.0839313      12019.98
  4400.00    1.0839313      11992.73
  4390.00    1.0839313      11965.48
  4380.00    1.0839313      11938.23
  4370.00    1.0839313      11910.98
  4360.00    1.0839313      11883.73
  4350.00    1.0839313      11856.48
  4340.00    1.0839313      11829.23
  4330.00    1.0839313      11801.98
  4320.00    1.0839313      11774.73
  4310.00    1.0839313      11747.48
  4300.00    1.0839313      11720.23
  4290.00    1.0839313      11692.98
  4280.00    1.0839313      11665.73
  4270.00    1.0839313      11638.48
  4260.00    1.0839313      11611.23
  4250.00    1.0839313      11583.98
  4240.00    1.0839313      11556.73
  4230.00    1.0839313      11529.48
  4220.00    1.0839313      11502.23
  4210.00    1.0839313      11474.98
  4200.00    1.0839313      11447.73
  4190.00    1.0839313      11420.48
  4180.00    1.0839313      11393.23
  4170.00    1.0839313      11365.98
  4160.00    1.0839313      11338.73
  4150.00    1.0839313      11311.48
  4140.00    1.0839313      11284.23
  4130.00    1.0839313      11256.98
  4120.00    1.0839313      11229.73
  4110.00    1.0839313      11202.48
  4100.00    1.0839313      11175.23
  4090.00    1.0839313      11147.98
  4080.00    1.0839313      11120.73
  4070.00    1.0839313      11093.48
  4060.00    1.0839313      11066.23
  4050.00    1.0839313      11038.98
  4040.00    1.0839313      11011.73
  4030.00    1.0839313      10984.48
  4020.00    1.0839313      10957.23
  4010.00    1.0839313      10929.98
  4000.00    1.0839313      10902.73
  3990.00    1.0839313      10875.48
  3980.00    1.0839313      10848.23
  3970.00    1.0839313      10820.98
  3960.00    1.0839313      10793.73
  3950.00    1.0839313      10766.48
  3940.00    1.0839313      10739.23
  3930.00    1.0839313      10711.98
  3920.00    1.0839313      10684.73
  3910.00    1.0839313      10657.48
  3900.00    1.0839313      10630.23
  3890.00    1.0839313      10602.98
  3880.00    1.0839313      10575.73
  3870.00    1.0839313      10548.48
  3860.00    1.0839313      10521.23
  3850.00    1.0839313      10493.98
  3840.00    1.0839313      10466.73
  3830.00    1.0839313      10439.48
  3820.00    1.0839313      10412.23
  3810.00    1.0839313      10384.98
  3800.00    1.0839313      10357.73
  3790.00    1.0839313      10330.48
  3780.00    1.0839313      10303.23
  3770.00    1.0839313      10275.98
  3760.00    1.0839313      10248.73
  3750.00    1.0839313      10221.48
  3740.00    1.0839313      10194.23
  3730.00    1.0839313      10166.98
  3720.00    1.0839313      10139.73
  3710.00    1.0839313      10112.48
  3700.00    1.0839313      10085.23
  3690.00    1.0839313      10057.98
  3680.00    1.0839313      10030.73
  3670.00    1.0839313      10003.48
  3660.00    1.0839313       9976.23
  3650.00    1.0839313       9948.98
  3640.00    1.0839313       9921.73
  3630.00    1.0839313       9894.48
  3620.00    1.0839313       9867.23
  3610.00    1.0839313       9839.98
  3600.00    1.0839313       9812.73
  3590.00    1.0839313       9785.48
  3580.00    1.0839313       9758.23
  3570.00    1.0839313       9730.98
  3560.00    1.0839313       9703.73
  3550.00    1.0839313       9676.48
  3540.00    1.0839313       9649.23
  3530.00    1.0839313       9621.98
  3520.00    1.0839313       9594.73
  3510.00    1.0839313       9567.48
  3500.00    1.0839297       9540.23
  3490.00    1.0839296       9512.98
  3480.00    1.0839295       9485.73
  3470.00    1.0839293       9458.48
  3460.00    1.0839291       9431.23
  3450.00    1.0839289       9403.98
  3440.00    1.0839287       9376.73
  3430.00    1.0839285       9349.48
  3420.00    1.0839282       9322.23
  3410.00    1.0839280       9294.98
  3400.00    1.0839277       9267.73
  3390.00    1.0839273       9240.48
  3380.00    1.0839270       9213.23
  3370.00    1.0839266       9185.98
  3360.00    1.0839261       9158.73
  3350.00    1.0839256       9131.48
  3340.00    1.0839251       9104.23
  3330.00    1.0839245       9076.98
  3320.00    1.0839239       9049.73
  3310.00    1.0839232       9022.48
  3300.00    1.0839224       8995.23
  3290.00    1.0839215       8967.98
  3280.00    1.0839206       8940.73
  3270.00    1.0839195       8913.48
  3260.00    1.0839184       8886.23
  3250.00    1.0839171       8858.98
  3240.00    1.0839157       8831.73
  3230.00    1.0839141       8804.48
  3220.00    1.0839124       8777.23
  3210.00    1.0839105       8749.98
  3200.00    1.0839083       8722.73
  3190.00    1.0839060       8695.48
  3180.00    1.0839033       8668.23
  3170.00    1.0839004       8640.98
  3160.00    1.0838972       8613.73
  3150.00    1.0838936       8586.48
  3140.00    1.0838896       8559.23
  3130.00    1.0838851       8531.98
  3120.00    1.0838801       8504.73
  3110.00    1.0838746       8477.48
  3100.00    1.0838684       8450.23
  3090.00    1.0838614       8422.98
  3080.00    1.0838537       8395.73
  3070.00    1.0838450       8368.48
  3060.00    1.0838354       8341.23
  3050.00    1.0838245       8313.98
  3040.00    1.0838124       8286.73
  3030.00    1.0837987       8259.48
  3020.00    1.0837834       8232.23
  3010.00    1.0837662       8204.98
  3000.00    1.0837469       8177.73
  2990.00    1.0837252       8150.48
  2980.00    1.0837007       8123.23
  2970.00    1.0836732       8095.98
  2960.00    1.0836421       8068.73
  2950.00    1.0836071       8041.48
  2940.00    1.0835676       8014.23
  2930.00    1.0835229       7986.98
  2920.00    1.0834725       7959.73
  2910.00    1.0834154       7932.48
  2900.00    1.0833508       7905.23
  2890.00    1.0832776       7877.98
  2880.00    1.0831946       7850.73
  2870.00    1.0831006       7823.48
  2860.00    1.0829938       7796.23
  2850.00    1.0829510       7768.97
  2840.00    1.0828634       7741.72
  2830.00    1.0827563       7714.47
  2820.00    1.0826367       7687.22
  2810.00    1.0825066       7659.97
  2800.00    1.0823666       7632.72
  2790.00    1.0822083       7605.47
  2780.00    1.0820143       7578.22
  2770.00    1.0818156       7550.97
  2760.00    1.0816084       7523.72
  2750.00    1.0813907       7496.47
  2740.00    1.0811618       7469.22
  2730.00    1.0809211       7441.97
  2720.00    1.0806685       7414.72
  2710.00    1.0804040       7387.47
  2700.00    1.0801276       7360.22
  2690.00    1.0798397       7332.97
  2680.00    1.0795405       7305.72
  2670.00    1.0792303       7278.47
  2660.00    1.0789095       7251.22
  2650.00    1.0785784       7223.97
  2640.00    1.0782375       7196.72
  2630.00    1.0778872       7169.47
  2620.00    1.0775279       7142.22
  2610.00    1.0771601       7114.97
  2600.00    1.0767840       7087.72
  2590.00    1.0764002       7060.47
  2580.00    1.0760089       7033.22
  2570.00    1.0756106       7005.97
  2560.00    1.0752056       6978.72
  2550.00    1.0747941       6951.47
  2540.00    1.0743765       6924.22
  2530.00    1.0739530       6896.97
  2520.00    1.0735238       6869.72
  2510.00    1.0730891       6842.47
  2500.00    1.0726491       6815.22
  2490.00    1.0722039       6787.97
  2480.00    1.0717536       6760.72
  2470.00    1.0712984       6733.47
  2460.00    1.0708381       6706.22
  2450.00    1.0703730       6678.97
  2440.00    1.0699030       6651.72
  2430.00    1.0694280       6624.47
  2420.00    1.0689481       6597.22
  2410.00    1.0684244       6569.97
  2400.00    1.0678939       6542.72
  2390.00    1.0673560       6515.47
  2380.00    1.0668104       6488.22
  2370.00    1.0662567       6460.97
  2360.00    1.0656944       6433.72
  2350.00    1.0651232       6406.47
  2340.00    1.0645426       6379.22
  2330.00    1.0639519       6351.97
  2320.00    1.0633504       6324.72
  2310.00    1.0627377       6297.47
  2300.00    1.0621128       6270.22
  2290.00    1.0614751       6242.97
  2280.00    1.0608236       6215.72
  2270.00    1.0601576       6188.47
  2260.00    1.0594761       6161.22
  2250.00    1.0587778       6133.97
  2240.00    1.0580618       6106.72
  2230.00    1.0573268       6079.47
  2220.00    1.0565714       6052.22
  2210.00    1.0557942       6024.97
  2200.00    1.0549936       5997.72
  2190.00    1.0541679       5970.47
  2180.00    1.0533153       5943.22
  2170.00    1.0524338       5915.97
  2160.00    1.0515213       5888.72
  2150.00    1.0505756       5861.47
  2140.00    1.0495943       5834.22
  2130.00    1.0485747       5806.97
  2120.00    1.0475142       5779.72
  2110.00    1.0464099       5752.47
  2100.00    1.0452589       5725.22
  2090.00    1.0440580       5697.97
  2080.00    1.0428042       5670.72
  2070.00    1.0414943       5643.47
  2060.00    1.0401253       5616.22
  2050.00    1.0386942       5588.97
  2040.00    1.0371983       5561.72
  2030.00    1.0356353       5534.47
  2020.00    1.0340036       5507.22
  2010.00    1.0323022       5479.97
  2000.00    1.0305001       5452.72
  1990.00    1.0286305       5425.47
  1980.00    1.0266970       5398.22
  1970.00    1.0247052       5370.97
  1960.00    1.0226632       5343.72
  1950.00    1.0205821       5316.47
  1940.00    1.0184763       5289.22
  1930.00    1.0163642       5261.97
  1920.00    1.0142678       5234.72
  1910.00    1.0122133       5207.47
  1900.00    1.0102304       5180.22
  1890.00    1.0083517       5152.97
  1880.00    1.0066110       5125.72
  1870.00    1.0050413       5098.47
  1860.00    1.0036714       5071.22
  1850.00    1.0025223       5043.97
  1840.00    1.0016034       5016.72
  1830.00    1.0009089       4989.47
  1820.00    1.0004168       4962.22
  1810.00    1.0000912       4934.97
  1800.00   0.99988729       4907.72
  1790.00   0.99975985       4880.47
  1780.00   0.99967068       4853.22
  1770.00   0.99959276       4825.97
  1760.00   0.99950981       4798.72
  1750.00   0.99941283       4771.47
  1740.00   0.99929610       4744.22
  1730.00   0.99915454       4716.97
  1720.00   0.99898236       4689.72
  1710.00   0.99877249       4662.47
  1700.00   0.99851613       4635.22
  1690.00   0.99820231       4607.97
  1680.00   0.99781732       4580.72
  1670.00   0.99734401       4553.47
  1660.00   0.99676094       4526.22
  1650.00   0.99604116       4498.97
  1640.00   0.99515090       4471.72
  1630.00   0.99404775       4444.47
  1620.00   0.99267846       4417.22
  1610.00   0.99097627       4389.97
  1600.00   0.98885757       4362.72
  1590.00   0.98621854       4335.47
  1580.00   0.98352469       4308.22
  1570.00   0.97983697       4280.97
  1560.00   0.97537534       4253.72
  1550.00   0.97003750       4226.47
  1540.00   0.96371162       4199.22
  1530.00   0.95629133       4171.97
  1520.00   0.94768019       4144.72
  1510.00   0.93779546       4117.47
  1500.00   0.92657092       4090.22
  1490.00   0.91395891       4062.97
  1480.00   0.89993160       4035.72
  1470.00   0.88448164       4008.47
  1460.00   0.86762227       3981.22
  1450.00   0.84938691       3953.97
  1440.00   0.82982834       3926.72
  1430.00   0.80901736       3899.47
  1420.00   0.78704108       3872.22
  1410.00   0.76400086       3844.97
  1400.00   0.74000992       3817.72
  1390.00   0.71519082       3790.47
  1380.00   0.68967282       3763.22
  1370.00   0.66358928       3735.97
  1360.00   0.63707516       3708.72
  1350.00   0.61026473       3681.47
  1340.00   0.58328951       3654.22
  1330.00   0.55627651       3626.97
  1320.00   0.52934678       3599.72
  1310.00   0.50261426       3572.47
  1300.00   0.47618497       3545.22
  1290.00   0.45015635       3517.97
  1280.00   0.42461702       3490.72
  1270.00   0.39964654       3463.46
  1260.00   0.37531552       3436.21
  1250.00   0.35168571       3408.96
  1240.00   0.32881029       3381.71
  1230.00   0.30673416       3354.46
  1220.00   0.28549433       3327.21
  1210.00   0.26512032       3299.96
  1200.00   0.24563453       3272.71
  1190.00   0.22705273       3245.46
  1180.00   0.20938440       3218.20
  1170.00   0.19263323       3190.95
  1160.00   0.17679747       3163.70
  1150.00   0.16187037       3136.45
  1140.00   0.14784059       3109.19
  1130.00   0.13469258       3081.94
  1120.00   0.12240701       3054.69
  1110.00   0.11096119       3027.43
  1100.00   0.10032941       3000.18
  1090.00   0.90483380E-01   2972.92
  1080.00   0.81392629E-01   2945.66
  1070.00   0.73024866E-01   2918.41
  1060.00   0.65346367E-01   2891.15
  1050.00   0.58322344E-01   2863.89
  1040.00   0.51917287E-01   2836.63
  1030.00   0.46095298E-01   2809.36
  1020.00   0.40820404E-01   2782.10
  1010.00   0.36056839E-01   2754.83
  1000.00   0.31769309E-01   2727.55
   990.00   0.27923225E-01   2700.28
   980.00   0.24484910E-01   2673.00
   970.00   0.21421779E-01   2645.71
   960.00   0.18702482E-01   2618.42
   950.00   0.16297034E-01   2591.12
   940.00   0.14176900E-01   2563.81
   930.00   0.12315070E-01   2536.49
   920.00   0.10686099E-01   2509.16
   910.00   0.92661335E-02   2481.82
   900.00   0.80329132E-02   2454.45
   890.00   0.69657615E-02   2427.07
   880.00   0.60455618E-02   2399.67
   870.00   0.52547383E-02   2372.25
   860.00   0.45771852E-02   2344.79
   850.00   0.39982399E-02   2317.31
   840.00   0.35046495E-02   2289.80
   830.00   0.30845132E-02   2262.25
   820.00   0.27272299E-02   2234.67
   810.00   0.24234379E-02   2207.06
   800.00   0.21649464E-02   2179.41
   790.00   0.19446574E-02   2151.72
   780.00   0.17564769E-02   2124.00
   770.00   0.15952192E-02   2096.25
   760.00   0.14565065E-02   2068.46
   750.00   0.13366683E-02   2040.64
   740.00   0.12326440E-02   2012.79
   730.00   0.11418917E-02   1984.91
   720.00   0.10623062E-02   1956.99
   710.00   0.99214642E-03   1929.05
   700.00   0.92997243E-03   1901.07
   690.00   0.87459264E-03   1873.06
   680.00   0.82501912E-03   1845.02
   670.00   0.78043079E-03   1816.94
   660.00   0.74014316E-03   1788.83
   650.00   0.70358360E-03   1760.69
   640.00   0.67027119E-03   1732.50
   630.00   0.63980039E-03   1704.28
   620.00   0.61182772E-03   1676.02
   610.00   0.58606098E-03   1647.71
   600.00   0.56225052E-03   1619.37
   590.00   0.54018204E-03   1590.97
   580.00   0.51967080E-03   1562.53
   570.00   0.50055683E-03   1534.04
   560.00   0.48270101E-03   1505.49
   550.00   0.46598186E-03   1476.90
   540.00   0.45029287E-03   1448.24
   530.00   0.43554028E-03   1419.52
   520.00   0.42164125E-03   1390.75
   510.00   0.40852233E-03   1361.90
   500.00   0.39611813E-03   1332.99
   490.00   0.38437030E-03   1304.01
   480.00   0.37322655E-03   1274.96
   470.00   0.36263991E-03   1245.82
   460.00   0.35256804E-03   1216.61
   450.00   0.34297269E-03   1187.31
   440.00   0.33381918E-03   1157.93
   430.00   0.32507602E-03   1128.46
   420.00   0.31671450E-03   1098.90
   410.00   0.30870841E-03   1069.24
   400.00   0.30103374E-03   1039.48
   390.00   0.29366847E-03   1009.63
   380.00   0.28659230E-03    979.67
   370.00   0.27978655E-03    949.61
   360.00   0.27323392E-03    919.44
   350.00   0.26691836E-03    889.17
   340.00   0.26082498E-03    858.79
   330.00   0.25493988E-03    828.30
   320.00   0.24925006E-03    797.71
   310.00   0.24374335E-03    767.03
   300.00   0.23840828E-03    736.24
   290.00   0.23323404E-03    705.38
   280.00   0.22821037E-03    674.43
   270.00   0.22332752E-03    643.42
   260.00   0.21857615E-03    612.35
   250.00   0.21394729E-03    581.25
   240.00   0.20943228E-03    550.14
   230.00   0.20502268E-03    519.04
   220.00   0.20071021E-03    487.99
   210.00   0.19648672E-03    457.03
   200.00   0.19234404E-03    426.19
   190.00   0.18827398E-03    395.54
   180.00   0.18426817E-03    365.13
   170.00   0.18031798E-03    335.03
   160.00   0.17641437E-03    305.32
   150.00   0.17254775E-03    276.10
   140.00   0.16870774E-03    247.47
   130.00   0.16488290E-03    219.54
   120.00   0.16106037E-03    192.46
   110.00   0.15722538E-03    166.36
   100.00   0.15336048E-03    141.41
    90.00   0.14944454E-03    117.79
    80.00   0.14545112E-03     95.69
    70.00   0.14134589E-03     75.31
    60.00   0.13708234E-03     56.88
    50.00   0.13259384E-03     40.63
    40.00   0.12777797E-03     26.79
    30.00   0.12246088E-03     15.59
    20.00   0.11629816E-03      7.26
    10.00   0.10838222E-03      2.02
     0.00   0.93045407E-04      0.02
