  9990.00    1.1678627      27225.48
  9980.00    1.1678627      27198.23
  9970.00    1.1678627      27170.98
  9960.00    1.1678627      27143.73
  9950.00    1.1678627      27116.48
  9940.00    1.1678627      27089.23
  9930.00    1.1678627      27061.98
  9920.00    1.1678627      27034.73
  9910.00    1.1678627      27007.48
  9900.00    1.1678627      26980.23
  9890.00    1.1678627      26952.98
  9880.00    1.1678627      26925.73
  9870.00    1.1678627      26898.48
  9860.00    1.1678627      26871.23
  9850.00    1.1678627      26843.98
  9840.00    1.1678627      26816.73
  9830.00    1.1678627      26789.48
  9820.00    1.1678627      26762.23
  9810.00    1.1678627      26734.98
  9800.00    1.1678627      26707.73
  9790.00    1.1678627      26680.48
  9780.00    1.1678627      26653.23
  9770.00    1.1678627      26625.98
  9760.00    1.1678627      26598.73
  9750.00    1.1678627      26571.48
  9740.00    1.1678627      26544.23
  9730.00    1.1678627      26516.98
  9720.00    1.1678627      26489.73
  9710.00    1.1678627      26462.48
  9700.00    1.1678627      26435.23
  9690.00    1.1678627      26407.98
  9680.00    1.1678627      26380.73
  9670.00    1.1678627      26353.48
  9660.00    1.1678627      26326.23
  9650.00    1.1678627      26298.98
  9640.00    1.1678627      26271.73
  9630.00    1.1678627      26244.48
  9620.00    1.1678627      26217.23
  9610.00    1.1678627      26189.98
  9600.00    1.1678627      26162.73
  9590.00    1.1678627      26135.48
  9580.00    1.1678627      26108.23
  9570.00    1.1678627      26080.98
  9560.00    1.1678627      26053.73
  9550.00    1.1678627      26026.48
  9540.00    1.1678627      25999.23
  9530.00    1.1678627      25971.98
  9520.00    1.1678627      25944.73
  9510.00    1.1678627      25917.48
  9500.00    1.1678627      25890.23
  9490.00    1.1678627      25862.98
  9480.00    1.1678627      25835.73
  9470.00    1.1678627      25808.48
  9460.00    1.1678627      25781.23
  9450.00    1.1678627      25753.98
  9440.00    1.1678627      25726.73
  9430.00    1.1678627      25699.48
  9420.00    1.1678627      25672.23
  9410.00    1.1678627      25644.98
  9400.00    1.1678627      25617.73
  9390.00    1.1678627      25590.48
  9380.00    1.1678627      25563.23
  9370.00    1.1678627      25535.98
  9360.00    1.1678627      25508.73
  9350.00    1.1678627      25481.48
  9340.00    1.1678627      25454.23
  9330.00    1.1678627      25426.98
  9320.00    1.1678627      25399.73
  9310.00    1.1678627      25372.48
  9300.00    1.1678627      25345.23
  9290.00    1.1678627      25317.98
  9280.00    1.1678627      25290.73
  9270.00    1.1678627      25263.48
  9260.00    1.1678627      25236.23
  9250.00    1.1678627      25208.98
  9240.00    1.1678627      25181.73
  9230.00    1.1678627      25154.48
  9220.00    1.1678627      25127.23
  9210.00    1.1678627      25099.98
  9200.00    1.1678627      25072.73
  9190.00    1.1678627      25045.48
  9180.00    1.1678627      25018.23
  9170.00    1.1678627      24990.98
  9160.00    1.1678627      24963.73
  9150.00    1.1678627      24936.48
  9140.00    1.1678627      24909.23
  9130.00    1.1678627      24881.98
  9120.00    1.1678627      24854.73
  9110.00    1.1678627      24827.48
  9100.00    1.1678627      24800.23
  9090.00    1.1678627      24772.98
  9080.00    1.1678627      24745.73
  9070.00    1.1678627      24718.48
  9060.00    1.1678627      24691.23
  9050.00    1.1678627      24663.98
  9040.00    1.1678627      24636.73
  9030.00    1.1678627      24609.48
  9020.00    1.1678627      24582.23
  9010.00    1.1678627      24554.98
  9000.00    1.1678627      24527.73
  8990.00    1.1678627      24500.48
  8980.00    1.1678627      24473.23
  8970.00    1.1678627      24445.98
  8960.00    1.1678627      24418.73
  8950.00    1.1678627      24391.48
  8940.00    1.1678627      24364.23
  8930.00    1.1678627      24336.98
  8920.00    1.1678627      24309.73
  8910.00    1.1678627      24282.48
  8900.00    1.1678627      24255.23
  8890.00    1.1678627      24227.98
  8880.00    1.1678627      24200.73
  8870.00    1.1678627      24173.48
  8860.00    1.1678627      24146.23
  8850.00    1.1678627      24118.98
  8840.00    1.1678627      24091.73
  8830.00    1.1678627      24064.48
  8820.00    1.1678627      24037.23
  8810.00    1.1678627      24009.98
  8800.00    1.1678627      23982.73
  8790.00    1.1678627      23955.48
  8780.00    1.1678627      23928.23
  8770.00    1.1678627      23900.98
  8760.00    1.1678627      23873.73
  8750.00    1.1678627      23846.48
  8740.00    1.1678627      23819.23
  8730.00    1.1678627      23791.98
  8720.00    1.1678627      23764.73
  8710.00    1.1678627      23737.48
  8700.00    1.1678627      23710.23
  8690.00    1.1678627      23682.98
  8680.00    1.1678627      23655.73
  8670.00    1.1678627      23628.48
  8660.00    1.1678627      23601.23
  8650.00    1.1678627      23573.98
  8640.00    1.1678627      23546.73
  8630.00    1.1678627      23519.48
  8620.00    1.1678627      23492.23
  8610.00    1.1678627      23464.98
  8600.00    1.1678627      23437.73
  8590.00    1.1678627      23410.48
  8580.00    1.1678627      23383.23
  8570.00    1.1678627      23355.98
  8560.00    1.1678627      23328.73
  8550.00    1.1678627      23301.48
  8540.00    1.1678627      23274.23
  8530.00    1.1678627      23246.98
  8520.00    1.1678627      23219.73
  8510.00    1.1678627      23192.48
  8500.00    1.1678627      23165.23
  8490.00    1.1678627      23137.98
  8480.00    1.1678627      23110.73
  8470.00    1.1678627      23083.48
  8460.00    1.1678627      23056.23
  8450.00    1.1678627      23028.98
  8440.00    1.1678627      23001.73
  8430.00    1.1678627      22974.48
  8420.00    1.1678627      22947.23
  8410.00    1.1678627      22919.98
  8400.00    1.1678627      22892.73
  8390.00    1.1678627      22865.48
  8380.00    1.1678627      22838.23
  8370.00    1.1678627      22810.98
  8360.00    1.1678627      22783.73
  8350.00    1.1678627      22756.48
  8340.00    1.1678627      22729.23
  8330.00    1.1678627      22701.98
  8320.00    1.1678627      22674.73
  8310.00    1.1678627      22647.48
  8300.00    1.1678627      22620.23
  8290.00    1.1678627      22592.98
  8280.00    1.1678627      22565.73
  8270.00    1.1678627      22538.48
  8260.00    1.1678627      22511.23
  8250.00    1.1678627      22483.98
  8240.00    1.1678627      22456.73
  8230.00    1.1678627      22429.48
  8220.00    1.1678627      22402.23
  8210.00    1.1678627      22374.98
  8200.00    1.1678627      22347.73
  8190.00    1.1678627      22320.48
  8180.00    1.1678627      22293.23
  8170.00    1.1678627      22265.98
  8160.00    1.1678627      22238.73
  8150.00    1.1678627      22211.48
  8140.00    1.1678627      22184.23
  8130.00    1.1678627      22156.98
  8120.00    1.1678627      22129.73
  8110.00    1.1678627      22102.48
  8100.00    1.1678627      22075.23
  8090.00    1.1678627      22047.98
  8080.00    1.1678627      22020.73
  8070.00    1.1678627      21993.48
  8060.00    1.1678627      21966.23
  8050.00    1.1678627      21938.98
  8040.00    1.1678627      21911.73
  8030.00    1.1678627      21884.48
  8020.00    1.1678627      21857.23
  8010.00    1.1678627      21829.98
  8000.00    1.1678618      21802.73
  7990.00    1.1678617      21775.48
  7980.00    1.1678617      21748.23
  7970.00    1.1678617      21720.98
  7960.00    1.1678616      21693.73
  7950.00    1.1678616      21666.48
  7940.00    1.1678615      21639.23
  7930.00    1.1678615      21611.98
  7920.00    1.1678615      21584.73
  7910.00    1.1678614      21557.48
  7900.00    1.1678614      21530.23
  7890.00    1.1678613      21502.98
  7880.00    1.1678613      21475.73
  7870.00    1.1678612      21448.48
  7860.00    1.1678612      21421.23
  7850.00    1.1678611      21393.98
  7840.00    1.1678611      21366.73
  7830.00    1.1678610      21339.48
  7820.00    1.1678609      21312.23
  7810.00    1.1678609      21284.98
  7800.00    1.1678608      21257.73
  7790.00    1.1678607      21230.48
  7780.00    1.1678607      21203.23
  7770.00    1.1678606      21175.98
  7760.00    1.1678605      21148.73
  7750.00    1.1678604      21121.48
  7740.00    1.1678604      21094.23
  7730.00    1.1678603      21066.98
  7720.00    1.1678602      21039.73
  7710.00    1.1678601      21012.48
  7700.00    1.1678600      20985.23
  7690.00    1.1678599      20957.98
  7680.00    1.1678598      20930.73
  7670.00    1.1678597      20903.48
  7660.00    1.1678596      20876.23
  7650.00    1.1678594      20848.98
  7640.00    1.1678593      20821.73
  7630.00    1.1678592      20794.48
  7620.00    1.1678590      20767.23
  7610.00    1.1678589      20739.98
  7600.00    1.1678588      20712.73
  7590.00    1.1678586      20685.48
  7580.00    1.1678584      20658.23
  7570.00    1.1678583      20630.98
  7560.00    1.1678581      20603.73
  7550.00    1.1678579      20576.48
  7540.00    1.1678577      20549.23
  7530.00    1.1678575      20521.98
  7520.00    1.1678573      20494.73
  7510.00    1.1678571      20467.48
  7500.00    1.1678569      20440.23
  7490.00    1.1678567      20412.98
  7480.00    1.1678564      20385.73
  7470.00    1.1678562      20358.48
  7460.00    1.1678559      20331.23
  7450.00    1.1678556      20303.98
  7440.00    1.1678553      20276.73
  7430.00    1.1678551      20249.48
  7420.00    1.1678547      20222.23
  7410.00    1.1678544      20194.98
  7400.00    1.1678541      20167.73
  7390.00    1.1678537      20140.48
  7380.00    1.1678533      20113.23
  7370.00    1.1678530      20085.98
  7360.00    1.1678526      20058.73
  7350.00    1.1678521      20031.48
  7340.00    1.1678517      20004.23
  7330.00    1.1678512      19976.98
  7320.00    1.1678508      19949.73
  7310.00    1.1678503      19922.48
  7300.00    1.1678497      19895.23
  7290.00    1.1678492      19867.98
  7280.00    1.1678486      19840.73
  7270.00    1.1678480      19813.48
  7260.00    1.1678474      19786.23
  7250.00    1.1678467      19758.98
  7240.00    1.1678460      19731.73
  7230.00    1.1678453      19704.48
  7220.00    1.1678446      19677.23
  7210.00    1.1678438      19649.98
  7200.00    1.1678430      19622.73
  7190.00    1.1678421      19595.48
  7180.00    1.1678412      19568.23
  7170.00    1.1678403      19540.98
  7160.00    1.1678393      19513.73
  7150.00    1.1678382      19486.48
  7140.00    1.1678372      19459.23
  7130.00    1.1678360      19431.98
  7120.00    1.1678348      19404.73
  7110.00    1.1678336      19377.48
  7100.00    1.1678323      19350.23
  7090.00    1.1678309      19322.98
  7080.00    1.1678295      19295.73
  7070.00    1.1678280      19268.48
  7060.00    1.1678264      19241.23
  7050.00    1.1678248      19213.98
  7040.00    1.1678231      19186.73
  7030.00    1.1678213      19159.48
  7020.00    1.1678194      19132.23
  7010.00    1.1678174      19104.98
  7000.00    1.1678153      19077.73
  6990.00    1.1678131      19050.48
  6980.00    1.1678108      19023.23
  6970.00    1.1678084      18995.98
  6960.00    1.1678059      18968.73
  6950.00    1.1678032      18941.48
  6940.00    1.1678004      18914.23
  6930.00    1.1677975      18886.98
  6920.00    1.1677944      18859.73
  6910.00    1.1677912      18832.48
  6900.00    1.1677878      18805.23
  6890.00    1.1677842      18777.98
  6880.00    1.1677805      18750.73
  6870.00    1.1677765      18723.48
  6860.00    1.1677724      18696.23
  6850.00    1.1677680      18668.98
  6840.00    1.1677635      18641.73
  6830.00    1.1677587      18614.48
  6820.00    1.1677536      18587.23
  6810.00    1.1677483      18559.98
  6800.00    1.1677427      18532.73
  6790.00    1.1677368      18505.48
  6780.00    1.1677306      18478.23
  6770.00    1.1677241      18450.98
  6760.00    1.1677172      18423.73
  6750.00    1.1677100      18396.48
  6740.00    1.1677024      18369.23
  6730.00    1.1676944      18341.98
  6720.00    1.1676860      18314.73
  6710.00    1.1676771      18287.48
  6700.00    1.1676677      18260.23
  6690.00    1.1676579      18232.98
  6680.00    1.1676475      18205.73
  6670.00    1.1676365      18178.48
  6660.00    1.1676250      18151.23
  6650.00    1.1676128      18123.98
  6640.00    1.1676000      18096.73
  6630.00    1.1675865      18069.48
  6620.00    1.1675722      18042.23
  6610.00    1.1675572      18014.98
  6600.00    1.1675413      17987.73
  6590.00    1.1675246      17960.48
  6580.00    1.1675069      17933.23
  6570.00    1.1674883      17905.98
  6560.00    1.1674686      17878.73
  6550.00    1.1674478      17851.48
  6540.00    1.1674259      17824.23
  6530.00    1.1674028      17796.98
  6520.00    1.1673783      17769.73
  6510.00    1.1673525      17742.48
  6500.00    1.1673252      17715.23
  6490.00    1.1672964      17687.98
  6480.00    1.1672659      17660.73
  6470.00    1.1672337      17633.48
  6460.00    1.1671997      17606.23
  6450.00    1.1671638      17578.98
  6440.00    1.1671258      17551.73
  6430.00    1.1670856      17524.48
  6420.00    1.1670431      17497.23
  6410.00    1.1669981      17469.98
  6400.00    1.1669506      17442.73
  6390.00    1.1669003      17415.48
  6380.00    1.1668472      17388.23
  6370.00    1.1667909      17360.98
  6360.00    1.1667314      17333.73
  6350.00    1.1666684      17306.48
  6340.00    1.1666017      17279.23
  6330.00    1.1665311      17251.98
  6320.00    1.1664565      17224.73
  6310.00    1.1663774      17197.48
  6300.00    1.1662937      17170.23
  6290.00    1.1662051      17142.98
  6280.00    1.1661113      17115.73
  6270.00    1.1660120      17088.48
  6260.00    1.1659069      17061.23
  6250.00    1.1657956      17033.98
  6240.00    1.1656777      17006.73
  6230.00    1.1655529      16979.48
  6220.00    1.1654207      16952.23
  6210.00    1.1652808      16924.98
  6200.00    1.1651326      16897.73
  6190.00    1.1649757      16870.48
  6180.00    1.1648096      16843.23
  6170.00    1.1646338      16815.98
  6160.00    1.1644477      16788.73
  6150.00    1.1642506      16761.48
  6140.00    1.1640421      16734.23
  6130.00    1.1638214      16706.98
  6120.00    1.1635879      16679.73
  6110.00    1.1633408      16652.48
  6100.00    1.1630795      16625.23
  6090.00    1.1628032      16597.98
  6080.00    1.1625110      16570.73
  6070.00    1.1622022      16543.48
  6060.00    1.1618759      16516.23
  6050.00    1.1615312      16488.98
  6040.00    1.1611672      16461.73
  6030.00    1.1607829      16434.48
  6020.00    1.1603775      16407.23
  6010.00    1.1599498      16379.98
  6000.00    1.1594990      16352.73
  5990.00    1.1590240      16325.48
  5980.00    1.1585238      16298.23
  5970.00    1.1579973      16270.98
  5960.00    1.1574436      16243.73
  5950.00    1.1568615      16216.48
  5940.00    1.1562502      16189.23
  5930.00    1.1556087      16161.98
  5920.00    1.1549359      16134.73
  5910.00    1.1542311      16107.48
  5900.00    1.1534933      16080.23
  5890.00    1.1527219      16052.98
  5880.00    1.1519160      16025.73
  5870.00    1.1510751      15998.48
  5860.00    1.1501987      15971.23
  5850.00    1.1492864      15943.98
  5840.00    1.1483379      15916.73
  5830.00    1.1473531      15889.48
  5820.00    1.1463322      15862.23
  5810.00    1.1452752      15834.98
  5800.00    1.1441826      15807.73
  5790.00    1.1430551      15780.48
  5780.00    1.1418933      15753.23
  5770.00    1.1406984      15725.98
  5760.00    1.1394715      15698.73
  5750.00    1.1382141      15671.48
  5740.00    1.1369279      15644.23
  5730.00    1.1356147      15616.98
  5720.00    1.1342768      15589.73
  5710.00    1.1329163      15562.48
  5700.00    1.1315358      15535.23
  5690.00    1.1301381      15507.98
  5680.00    1.1287259      15480.73
  5670.00    1.1273023      15453.48
  5660.00    1.1258704      15426.23
  5650.00    1.1244334      15398.98
  5640.00    1.1229947      15371.73
  5630.00    1.1215575      15344.48
  5620.00    1.1201252      15317.23
  5610.00    1.1187012      15289.98
  5600.00    1.1172887      15262.73
  5590.00    1.1158909      15235.48
  5580.00    1.1145110      15208.23
  5570.00    1.1131518      15180.98
  5560.00    1.1118161      15153.73
  5550.00    1.1105067      15126.48
  5540.00    1.1092258      15099.23
  5530.00    1.1079757      15071.98
  5520.00    1.1067585      15044.73
  5510.00    1.1055757      15017.48
  5500.00    1.1044290      14990.23
  5490.00    1.1033195      14962.98
  5480.00    1.1022483      14935.73
  5470.00    1.1012162      14908.48
  5460.00    1.1002237      14881.23
  5450.00    1.0992711      14853.98
  5440.00    1.0983585      14826.73
  5430.00    1.0974859      14799.48
  5420.00    1.0966530      14772.23
  5410.00    1.0958592      14744.98
  5400.00    1.0951041      14717.73
  5390.00    1.0943869      14690.48
  5380.00    1.0937067      14663.23
  5370.00    1.0930627      14635.98
  5360.00    1.0924537      14608.73
  5350.00    1.0918787      14581.48
  5340.00    1.0913364      14554.23
  5330.00    1.0908257      14526.98
  5320.00    1.0903453      14499.73
  5310.00    1.0898940      14472.48
  5300.00    1.0894705      14445.23
  5290.00    1.0890735      14417.98
  5280.00    1.0887017      14390.73
  5270.00    1.0883539      14363.48
  5260.00    1.0880288      14336.23
  5250.00    1.0877253      14308.98
  5240.00    1.0874422      14281.73
  5230.00    1.0871783      14254.48
  5220.00    1.0869325      14227.23
  5210.00    1.0867038      14199.98
  5200.00    1.0864911      14172.73
  5190.00    1.0862935      14145.48
  5180.00    1.0861100      14118.23
  5170.00    1.0859398      14090.98
  5160.00    1.0857819      14063.73
  5150.00    1.0856356      14036.48
  5140.00    1.0855002      14009.23
  5130.00    1.0853748      13981.98
  5120.00    1.0852588      13954.73
  5110.00    1.0851516      13927.48
  5100.00    1.0850525      13900.23
  5090.00    1.0849611      13872.98
  5080.00    1.0848766      13845.73
  5070.00    1.0847988      13818.48
  5060.00    1.0847270      13791.23
  5050.00    1.0846608      13763.98
  5040.00    1.0845998      13736.73
  5030.00    1.0845437      13709.48
  5020.00    1.0844921      13682.23
  5010.00    1.0844446      13654.98
  5000.00    1.0839313      13627.73
  4990.00    1.0839313      13600.48
  4980.00    1.0839313      13573.23
  4970.00    1.0839313      13545.98
  4960.00    1.0839313      13518.73
  4950.00    1.0839313      13491.48
  4940.00    1.0839313      13464.23
  4930.00    1.0839313      13436.98
  4920.00    1.0839313      13409.73
  4910.00    1.0839313      13382.48
  4900.00    1.0839313      13355.23
  4890.00    1.0839313      13327.98
  4880.00    1.0839313      13300.73
  4870.00    1.0839313      13273.48
  4860.00    1.0839313      13246.23
  4850.00    1.0839313      13218.98
  4840.00    1.0839313      13191.73
  4830.00    1.0839313      13164.48
  4820.00    1.0839313      13137.23
  4810.00    1.0839313      13109.98
  4800.00    1.0839313      13082.73
  4790.00    1.0839313      13055.48
  4780.00    1.0839313      13028.23
  4770.00    1.0839313      13000.98
  4760.00    1.0839313      12973.73
  4750.00    1.0839313      12946.48
  4740.00    1.0839313      12919.23
  4730.00    1.0839313      12891.98
  4720.00    1.0839313      12864.73
  4710.00    1.0839313      12837.48
  4700.00    1.0839313      12810.23
  4690.00    1.0839313      12782.98
  4680.00    1.0839313      12755.73
  4670.00    1.0839313      12728.48
  4660.00    1.0839313      12701.23
  4650.00    1.0839313      12673.98
  4640.00    1.0839313      12646.73
  4630.00    1.0839313      12619.48
  4620.00    1.0839313      12592.23
  4610.00    1.0839313      12564.98
  4600.00    1.0839313      12537.73
  4590.00    1.0839313      12510.48
  4580.00    1.0839313      12483.23
  4570.00    1.0839313      12455.98
  4560.00    1.0839313      12428.73
  4550.00    1.0839313      12401.48
  4540.00    1.0839313      12374.23
  4530.00    1.0839313      12346.98
  4520.00    1.0839313      12319.73
  4510.00    1.0839313      12292.48
  4500.00    1.0839313      12265.23
  4490.00    1.0839313      12237.98
  4480.00    1.0839313      12210.73
  4470.00    1.0839313      12183.48
  4460.00    1.0839313      12156.23
  4450.00    1.0839313      12128.98
  4440.00    1.0839313      12101.73
  4430.00    1.0839313      12074.48
  4420.00    1.0839313      12047.23
  4410.00    1.0839313      12019.98
  4400.00    1.0839313      11992.73
  4390.00    1.0839313      11965.48
  4380.00    1.0839313      11938.23
  4370.00    1.0839313      11910.98
  4360.00    1.0839313      11883.73
  4350.00    1.0839313      11856.48
  4340.00    1.0839313      11829.23
  4330.00    1.0839313      11801.98
  4320.00    1.0839313      11774.73
  4310.00    1.0839313      11747.48
  4300.00    1.0839313      11720.23
  4290.00    1.0839313      11692.98
  4280.00    1.0839313      11665.73
  4270.00    1.0839313      11638.48
  4260.00    1.0839313      11611.23
  4250.00    1.0839313      11583.98
  4240.00    1.0839313      11556.73
  4230.00    1.0839313      11529.48
  4220.00    1.0839313      11502.23
  4210.00    1.0839313      11474.98
  4200.00    1.0839313      11447.73
  4190.00    1.0839313      11420.48
  4180.00    1.0839313      11393.23
  4170.00    1.0839313      11365.98
  4160.00    1.0839313      11338.73
  4150.00    1.0839313      11311.48
  4140.00    1.0839313      11284.23
  4130.00    1.0839313      11256.98
  4120.00    1.0839313      11229.73
  4110.00    1.0839313      11202.48
  4100.00    1.0839313      11175.23
  4090.00    1.0839313      11147.98
  4080.00    1.0839313      11120.73
  4070.00    1.0839313      11093.48
  4060.00    1.0839313      11066.23
  4050.00    1.0839313      11038.98
  4040.00    1.0839313      11011.73
  4030.00    1.0839313      10984.48
  4020.00    1.0839313      10957.23
  4010.00    1.0839313      10929.98
  4000.00    1.0839313      10902.73
  3990.00    1.0839313      10875.48
  3980.00    1.0839313      10848.23
  3970.00    1.0839313      10820.98
  3960.00    1.0839313      10793.73
  3950.00    1.0839313      10766.48
  3940.00    1.0839313      10739.23
  3930.00    1.0839313      10711.98
  3920.00    1.0839313      10684.73
  3910.00    1.0839313      10657.48
  3900.00    1.0839313      10630.23
  3890.00    1.0839313      10602.98
  3880.00    1.0839313      10575.73
  3870.00    1.0839313      10548.48
  3860.00    1.0839313      10521.23
  3850.00    1.0839313      10493.98
  3840.00    1.0839313      10466.73
  3830.00    1.0839313      10439.48
  3820.00    1.0839313      10412.23
  3810.00    1.0839313      10384.98
  3800.00    1.0839313      10357.73
  3790.00    1.0839313      10330.48
  3780.00    1.0839313      10303.23
  3770.00    1.0839313      10275.98
  3760.00    1.0839313      10248.73
  3750.00    1.0839313      10221.48
  3740.00    1.0839313      10194.23
  3730.00    1.0839313      10166.98
  3720.00    1.0839313      10139.73
  3710.00    1.0839313      10112.48
  3700.00    1.0839313      10085.23
  3690.00    1.0839313      10057.98
  3680.00    1.0839313      10030.73
  3670.00    1.0839313      10003.48
  3660.00    1.0839313       9976.23
  3650.00    1.0839313       9948.98
  3640.00    1.0839313       9921.73
  3630.00    1.0839313       9894.48
  3620.00    1.0839313       9867.23
  3610.00    1.0839313       9839.98
  3600.00    1.0839313       9812.73
  3590.00    1.0839313       9785.48
  3580.00    1.0839313       9758.23
  3570.00    1.0839313       9730.98
  3560.00    1.0839313       9703.73
  3550.00    1.0839313       9676.48
  3540.00    1.0839313       9649.23
  3530.00    1.0839313       9621.98
  3520.00    1.0839313       9594.73
  3510.00    1.0839313       9567.48
  3500.00    1.0839312       9540.23
  3490.00    1.0839312       9512.98
  3480.00    1.0839312       9485.73
  3470.00    1.0839311       9458.48
  3460.00    1.0839311       9431.23
  3450.00    1.0839311       9403.98
  3440.00    1.0839311       9376.73
  3430.00    1.0839311       9349.48
  3420.00    1.0839310       9322.23
  3410.00    1.0839310       9294.98
  3400.00    1.0839310       9267.73
  3390.00    1.0839309       9240.48
  3380.00    1.0839309       9213.23
  3370.00    1.0839309       9185.98
  3360.00    1.0839308       9158.73
  3350.00    1.0839308       9131.48
  3340.00    1.0839307       9104.23
  3330.00    1.0839307       9076.98
  3320.00    1.0839306       9049.73
  3310.00    1.0839305       9022.48
  3300.00    1.0839304       8995.23
  3290.00    1.0839304       8967.98
  3280.00    1.0839303       8940.73
  3270.00    1.0839302       8913.48
  3260.00    1.0839300       8886.23
  3250.00    1.0839299       8858.98
  3240.00    1.0839298       8831.73
  3230.00    1.0839296       8804.48
  3220.00    1.0839294       8777.23
  3210.00    1.0839293       8749.98
  3200.00    1.0839290       8722.73
  3190.00    1.0839288       8695.48
  3180.00    1.0839285       8668.23
  3170.00    1.0839283       8640.98
  3160.00    1.0839279       8613.73
  3150.00    1.0839276       8586.48
  3140.00    1.0839272       8559.23
  3130.00    1.0839267       8531.98
  3120.00    1.0839262       8504.73
  3110.00    1.0839257       8477.48
  3100.00    1.0839250       8450.23
  3090.00    1.0839243       8422.98
  3080.00    1.0839236       8395.73
  3070.00    1.0839227       8368.48
  3060.00    1.0839217       8341.23
  3050.00    1.0839206       8313.98
  3040.00    1.0839194       8286.73
  3030.00    1.0839181       8259.48
  3020.00    1.0839165       8232.23
  3010.00    1.0839148       8204.98
  3000.00    1.0839129       8177.73
  2990.00    1.0839107       8150.48
  2980.00    1.0839082       8123.23
  2970.00    1.0839055       8095.98
  2960.00    1.0839023       8068.73
  2950.00    1.0838988       8041.48
  2940.00    1.0838948       8014.23
  2930.00    1.0838903       7986.98
  2920.00    1.0838852       7959.73
  2910.00    1.0838794       7932.48
  2900.00    1.0838729       7905.23
  2890.00    1.0838655       7877.98
  2880.00    1.0838570       7850.73
  2870.00    1.0838475       7823.48
  2860.00    1.0838366       7796.23
  2850.00    1.0838242       7768.98
  2840.00    1.0838100       7741.73
  2830.00    1.0837939       7714.48
  2820.00    1.0837756       7687.23
  2810.00    1.0837546       7659.98
  2800.00    1.0837305       7632.73
  2790.00    1.0837031       7605.48
  2780.00    1.0836716       7578.23
  2770.00    1.0836356       7550.98
  2760.00    1.0835942       7523.73
  2750.00    1.0835467       7496.48
  2740.00    1.0834921       7469.23
  2730.00    1.0834293       7441.98
  2720.00    1.0833571       7414.73
  2710.00    1.0832739       7387.48
  2700.00    1.0831779       7360.23
  2690.00    1.0830672       7332.98
  2680.00    1.0830023       7305.72
  2670.00    1.0828886       7278.47
  2660.00    1.0827573       7251.22
  2650.00    1.0826117       7223.97
  2640.00    1.0824521       7196.72
  2630.00    1.0822785       7169.47
  2620.00    1.0820864       7142.22
  2610.00    1.0818804       7114.97
  2600.00    1.0816608       7087.72
  2590.00    1.0814275       7060.47
  2580.00    1.0811809       7033.22
  2570.00    1.0809214       7005.97
  2560.00    1.0806497       6978.72
  2550.00    1.0803663       6951.47
  2540.00    1.0800721       6924.22
  2530.00    1.0797676       6896.97
  2520.00    1.0794537       6869.72
  2510.00    1.0791311       6842.47
  2500.00    1.0788005       6815.22
  2490.00    1.0784624       6787.97
  2480.00    1.0781176       6760.72
  2470.00    1.0777664       6733.47
  2460.00    1.0774096       6706.22
  2450.00    1.0770475       6678.97
  2440.00    1.0766805       6651.72
  2430.00    1.0763090       6624.47
  2420.00    1.0759333       6597.22
  2410.00    1.0755535       6569.97
  2400.00    1.0751700       6542.72
  2390.00    1.0747829       6515.47
  2380.00    1.0743923       6488.22
  2370.00    1.0739983       6460.97
  2360.00    1.0736009       6433.72
  2350.00    1.0732001       6406.47
  2340.00    1.0727959       6379.22
  2330.00    1.0723883       6351.97
  2320.00    1.0719772       6324.72
  2310.00    1.0715625       6297.47
  2300.00    1.0711440       6270.22
  2290.00    1.0707217       6242.97
  2280.00    1.0702954       6215.72
  2270.00    1.0698649       6188.47
  2260.00    1.0694300       6161.22
  2250.00    1.0689905       6133.97
  2240.00    1.0685463       6106.72
  2230.00    1.0680970       6079.47
  2220.00    1.0676425       6052.22
  2210.00    1.0671825       6024.97
  2200.00    1.0667168       5997.72
  2190.00    1.0662451       5970.47
  2180.00    1.0657596       5943.22
  2170.00    1.0652670       5915.97
  2160.00    1.0647669       5888.72
  2150.00    1.0642589       5861.47
  2140.00    1.0637427       5834.22
  2130.00    1.0632178       5806.97
  2120.00    1.0626838       5779.72
  2110.00    1.0621403       5752.47
  2100.00    1.0615867       5725.22
  2090.00    1.0610225       5697.97
  2080.00    1.0604473       5670.72
  2070.00    1.0598604       5643.47
  2060.00    1.0592612       5616.22
  2050.00    1.0586491       5588.97
  2040.00    1.0580233       5561.72
  2030.00    1.0573831       5534.47
  2020.00    1.0567276       5507.22
  2010.00    1.0560561       5479.97
  2000.00    1.0553674       5452.72
  1990.00    1.0546605       5425.47
  1980.00    1.0539343       5398.22
  1970.00    1.0531875       5370.97
  1960.00    1.0524185       5343.72
  1950.00    1.0516260       5316.47
  1940.00    1.0508080       5289.22
  1930.00    1.0499627       5261.97
  1920.00    1.0490879       5234.72
  1910.00    1.0481813       5207.47
  1900.00    1.0472401       5180.22
  1890.00    1.0462615       5152.97
  1880.00    1.0452422       5125.72
  1870.00    1.0441786       5098.47
  1860.00    1.0430667       5071.22
  1850.00    1.0419023       5043.97
  1840.00    1.0406690       5016.72
  1830.00    1.0393727       4989.47
  1820.00    1.0380081       4962.22
  1810.00    1.0365699       4934.97
  1800.00    1.0350527       4907.72
  1790.00    1.0334515       4880.47
  1780.00    1.0317617       4853.22
  1770.00    1.0299800       4825.97
  1760.00    1.0281045       4798.72
  1750.00    1.0261358       4771.47
  1740.00    1.0240774       4744.22
  1730.00    1.0219373       4716.97
  1720.00    1.0197284       4689.72
  1710.00    1.0174700       4662.47
  1700.00    1.0151884       4635.22
  1690.00    1.0129173       4607.97
  1680.00    1.0106975       4580.72
  1670.00    1.0085756       4553.47
  1660.00    1.0066001       4526.22
  1650.00    1.0048173       4498.97
  1640.00    1.0032641       4471.72
  1630.00    1.0019613       4444.47
  1620.00    1.0009075       4417.22
  1610.00    1.0000765       4389.97
  1600.00   0.99942038       4362.72
  1590.00   0.99887672       4335.47
  1580.00   0.99837849       4308.22
  1570.00   0.99786182       4280.97
  1560.00   0.99726904       4253.72
  1550.00   0.99654696       4226.47
  1540.00   0.99564177       4199.22
  1530.00   0.99449288       4171.97
  1520.00   0.99302657       4144.72
  1510.00   0.99114977       4117.47
  1500.00   0.98874331       4090.22
  1490.00   0.98566364       4062.97
  1480.00   0.98213868       4035.72
  1470.00   0.97742740       4008.47
  1460.00   0.97157952       3981.22
  1450.00   0.96441374       3953.97
  1440.00   0.95576841       3926.72
  1430.00   0.94551979       3899.47
  1420.00   0.93359645       3872.22
  1410.00   0.91998639       3844.97
  1400.00   0.90473564       3817.72
  1390.00   0.88794017       3790.47
  1380.00   0.86973370       3763.22
  1370.00   0.85027435       3735.97
  1360.00   0.82973224       3708.72
  1350.00   0.80827925       3681.47
  1340.00   0.78608122       3654.22
  1330.00   0.76329266       3626.97
  1320.00   0.74005349       3599.72
  1310.00   0.71648750       3572.47
  1300.00   0.69270205       3545.22
  1290.00   0.66878870       3517.97
  1280.00   0.64482446       3490.72
  1270.00   0.62087342       3463.47
  1260.00   0.59698855       3436.22
  1250.00   0.57321363       3408.97
  1240.00   0.54958511       3381.72
  1230.00   0.52613390       3354.47
  1220.00   0.50288703       3327.22
  1210.00   0.47986909       3299.97
  1200.00   0.45710356       3272.72
  1190.00   0.43461391       3245.47
  1180.00   0.41242445       3218.21
  1170.00   0.39056109       3190.96
  1160.00   0.36905177       3163.71
  1150.00   0.34792684       3136.46
  1140.00   0.32721906       3109.21
  1130.00   0.30696362       3081.96
  1120.00   0.28719779       3054.71
  1110.00   0.26796054       3027.46
  1100.00   0.24929192       3000.21
  1090.00   0.23123237       2972.95
  1080.00   0.21382184       2945.70
  1070.00   0.19709889       2918.45
  1060.00   0.18109971       2891.20
  1050.00   0.16585718       2863.95
  1040.00   0.15139985       2836.69
  1030.00   0.13775111       2809.44
  1020.00   0.12492841       2782.19
  1010.00   0.11294261       2754.93
  1000.00   0.10179754       2727.68
   990.00   0.91489773E-01   2700.42
   980.00   0.82008540E-01   2673.16
   970.00   0.73335925E-01   2645.90
   960.00   0.65447240E-01   2618.64
   950.00   0.58311583E-01   2591.38
   940.00   0.51892580E-01   2564.12
   930.00   0.46149254E-01   2536.86
   920.00   0.41036993E-01   2509.59
   910.00   0.36508598E-01   2482.32
   900.00   0.32515351E-01   2455.05
   890.00   0.29008070E-01   2427.78
   880.00   0.25938121E-01   2400.50
   870.00   0.23258329E-01   2373.22
   860.00   0.20923768E-01   2345.94
   850.00   0.18892392E-01   2318.65
   840.00   0.17125485E-01   2291.36
   830.00   0.15587942E-01   2264.07
   820.00   0.14248369E-01   2236.77
   810.00   0.13079041E-01   2209.48
   800.00   0.12055735E-01   2182.17
   790.00   0.11157485E-01   2154.87
   780.00   0.10366278E-01   2127.56
   770.00   0.96667307E-02   2100.25
   760.00   0.90457645E-02   2072.94
   750.00   0.84922923E-02   2045.62
   740.00   0.79969331E-02   2018.30
   730.00   0.75517542E-02   1990.98
   720.00   0.71500468E-02   1963.65
   710.00   0.67861310E-02   1936.32
   700.00   0.64551901E-02   1908.99
   690.00   0.61531309E-02   1881.65
   680.00   0.58764653E-02   1854.31
   670.00   0.56222128E-02   1826.97
   660.00   0.53878181E-02   1799.62
   650.00   0.51710832E-02   1772.27
   640.00   0.49701110E-02   1744.91
   630.00   0.47832580E-02   1717.55
   620.00   0.46090955E-02   1690.18
   610.00   0.44463769E-02   1662.81
   600.00   0.42940107E-02   1635.43
   590.00   0.41510379E-02   1608.04
   580.00   0.40166126E-02   1580.65
   570.00   0.38899866E-02   1553.25
   560.00   0.37704958E-02   1525.84
   550.00   0.36575486E-02   1498.43
   540.00   0.35506168E-02   1471.01
   530.00   0.34492271E-02   1443.57
   520.00   0.33529542E-02   1416.13
   510.00   0.32614149E-02   1388.68
   500.00   0.31742632E-02   1361.22
   490.00   0.30911857E-02   1333.74
   480.00   0.30118977E-02   1306.26
   470.00   0.29361404E-02   1278.76
   460.00   0.28636777E-02   1251.24
   450.00   0.27942936E-02   1223.71
   440.00   0.27277905E-02   1196.16
   430.00   0.26639871E-02   1168.60
   420.00   0.26027164E-02   1141.01
   410.00   0.25438247E-02   1113.40
   400.00   0.24871702E-02   1085.77
   390.00   0.24326216E-02   1058.12
   380.00   0.23800574E-02   1030.43
   370.00   0.23293647E-02   1002.72
   360.00   0.22804385E-02    974.98
   350.00   0.22331812E-02    947.20
   340.00   0.21875015E-02    919.38
   330.00   0.21433140E-02    891.53
   320.00   0.21005389E-02    863.62
   310.00   0.20591010E-02    835.67
   300.00   0.20189296E-02    807.66
   290.00   0.19799581E-02    779.59
   280.00   0.19421233E-02    751.46
   270.00   0.19053652E-02    723.26
   260.00   0.18696267E-02    694.97
   250.00   0.18348532E-02    666.60
   240.00   0.18009921E-02    638.13
   230.00   0.17679927E-02    609.56
   220.00   0.17358053E-02    580.87
   210.00   0.17043816E-02    552.06
   200.00   0.16736735E-02    523.11
   190.00   0.16436329E-02    494.01
   180.00   0.16142111E-02    464.75
   170.00   0.15853581E-02    435.33
   160.00   0.15570215E-02    405.72
   150.00   0.15291457E-02    375.94
   140.00   0.15016700E-02    345.97
   130.00   0.14745271E-02    315.84
   120.00   0.14476403E-02    285.57
   110.00   0.14209197E-02    255.21
   100.00   0.13942574E-02    224.84
    90.00   0.13675196E-02    194.58
    80.00   0.13405349E-02    164.63
    70.00   0.13130760E-02    135.26
    60.00   0.12848276E-02    106.85
    50.00   0.12553290E-02     79.94
    40.00   0.12238598E-02     55.24
    30.00   0.11891784E-02     33.68
    20.00   0.11487969E-02     16.40
    10.00   0.10961106E-02      4.73
     0.00   0.99131921E-03      0.04
