0.030	1.09	0.03	1.06	0.03	1.53
0.050	0.82	0.02	0.78	0.02	0.51
0.026	1.15	0.08	1.12	0.08	1.45
0.075	1.09	0.09	1.02	0.08	0.78
0.026	1.14	0.04	1.11	0.04	2.15
0.014	0.99	0.02	0.98	0.02	1.71
0.101	1.04	0.14	0.95	0.13	0.65
0.020	1.12	0.01	1.09	0.01	3.14
0.036	1.09	0.05	1.05	0.05	1.68
0.045	1.15	0.05	1.10	0.05	3.77
0.043	0.92	0.03	0.88	0.03	2.15
0.018	0.77	0.01	0.76	0.01	1.29
0.079	1.03	0.03	0.95	0.03	1.35
0.088	0.58	0.04	0.53	0.04	1.39
0.063	1.05	0.05	0.99	0.05	1.43
0.071	1.06	0.09	0.99	0.08	1.14
0.052	0.99	0.01	0.94	0.01	1.26





0.050	1.01	0.04	0.96	0.04	1.16
