0.458	2.26	0.34	1.55	0.23	0.91
0.354	0.96	0.19	0.71	0.14	1.74
0.425	1.32	0.24	0.92	0.17	0.71
0.374	1.19	0.07	0.87	0.05	1.59
0.420	1.22	0.13	0.86	0.09	0.94
0.372	1.22	0.05	0.89	0.04	1.73
0.378	1.44	0.23	1.04	0.17	1.38
0.453	1.27	0.15	0.87	0.10	1.21
0.465	1.42	0.21	0.97	0.14	2.06
0.498	1.64	0.16	1.09	0.11	0.57
0.655	1.84	0.12	1.11	0.07	0.80
0.400	1.62	0.06	1.16	0.04	1.80
0.615	1.88	0.18	1.16	0.11	1.17
0.480	1.36	0.12	0.92	0.08	1.07
0.450	1.41	0.10	0.97	0.07	0.63
0.388	1.36	0.06	0.98	0.04	1.13
0.570	1.61	0.11	1.03	0.07	1.06
0.490	1.58	0.07	1.06	0.05	0.85
0.495	1.53	0.07	1.02	0.05	1.21
0.656	1.51	0.20	0.91	0.12	1.06
0.828	2.07	0.53	1.13	0.29	1.12
0.450	1.33	0.09	0.92	0.06	0.80
0.430	1.28	0.10	0.89	0.07	1.30
0.580	1.62	0.11	1.02	0.07	0.86
0.763	1.71	0.30	0.97	0.17	1.17
0.526	1.38	0.08	0.90	0.05	0.86
0.172	1.11	0.04	0.94	0.03	5.60
0.619	1.63	0.21	1.00	0.13	0.94
0.592	1.87	0.30	1.18	0.19	0.62
0.550	1.51	0.14	0.98	0.09	2.57
0.180	1.21	0.02	1.03	0.02	1.72
0.374	1.40	0.10	1.02	0.07	0.75
0.472	1.40	0.06	0.95	0.04	1.30
0.430	1.36	0.04	0.95	0.03	1.09
0.657	1.65	0.12	0.99	0.07	1.06
0.612	1.90	0.10	1.18	0.06	1.66
0.320	1.39	0.03	1.05	0.02	0.79
0.579	1.39	0.08	0.88	0.05	0.95
0.450	1.52	0.20	1.04	0.14	0.82
0.581	1.49	0.09	0.94	0.06	1.75
0.416	1.55	0.07	1.10	0.05	1.24
0.830	1.88	0.09	1.03	0.05	1.04
